  0.871252E-01  0.400680E+01  0.103361E+02
  0.898592E-01  0.117602E+02  0.356201E+01
  0.925932E-01  0.136557E+02  0.288275E+01
  0.953273E-01  0.133232E+02  0.260205E+01
  0.980613E-01  0.116007E+02  0.227356E+01
  0.100795E+00  0.885352E+01  0.206305E+01
  0.103529E+00  0.100680E+02  0.185127E+01
  0.106263E+00  0.107583E+02  0.172302E+01
  0.108998E+00  0.100358E+02  0.151753E+01
  0.111732E+00  0.117837E+02  0.141468E+01
  0.114466E+00  0.119197E+02  0.132243E+01
  0.117200E+00  0.125482E+02  0.121574E+01
  0.119934E+00  0.127293E+02  0.112007E+01
  0.122668E+00  0.112293E+02  0.102770E+01
  0.125402E+00  0.111273E+02  0.965109E+00
  0.128136E+00  0.103696E+02  0.916334E+00
  0.130870E+00  0.109697E+02  0.843350E+00
  0.133604E+00  0.118189E+02  0.806830E+00
  0.136338E+00  0.120528E+02  0.744033E+00
  0.139072E+00  0.112464E+02  0.701198E+00
  0.141806E+00  0.106285E+02  0.654071E+00
  0.144540E+00  0.120725E+02  0.625432E+00
  0.147274E+00  0.109253E+02  0.601488E+00
  0.150008E+00  0.120449E+02  0.558250E+00
  0.152742E+00  0.116900E+02  0.536905E+00
  0.155476E+00  0.116457E+02  0.498936E+00
  0.158210E+00  0.115714E+02  0.484674E+00
  0.160944E+00  0.118044E+02  0.455454E+00
  0.163678E+00  0.112742E+02  0.439397E+00
  0.166412E+00  0.117174E+02  0.417791E+00
  0.169146E+00  0.113006E+02  0.397373E+00
  0.171881E+00  0.118774E+02  0.384478E+00
  0.174615E+00  0.115278E+02  0.364860E+00
  0.177349E+00  0.114118E+02  0.350077E+00
  0.180083E+00  0.115905E+02  0.331753E+00
  0.182817E+00  0.114445E+02  0.324849E+00
  0.185551E+00  0.115353E+02  0.314229E+00
  0.188285E+00  0.113527E+02  0.295785E+00
  0.191019E+00  0.115269E+02  0.285005E+00
  0.193753E+00  0.109038E+02  0.277608E+00
  0.196487E+00  0.115174E+02  0.268200E+00
  0.199221E+00  0.114878E+02  0.263222E+00
  0.201955E+00  0.115419E+02  0.244752E+00
  0.204689E+00  0.113690E+02  0.242976E+00
  0.207423E+00  0.109948E+02  0.234148E+00
  0.210157E+00  0.113913E+02  0.232327E+00
  0.212891E+00  0.113766E+02  0.224996E+00
  0.215625E+00  0.112414E+02  0.216416E+00
  0.218359E+00  0.112353E+02  0.217053E+00
  0.221093E+00  0.115264E+02  0.207824E+00
  0.223827E+00  0.114035E+02  0.204171E+00
  0.226561E+00  0.110980E+02  0.200020E+00
  0.229295E+00  0.110548E+02  0.193599E+00
  0.232029E+00  0.114684E+02  0.196125E+00
  0.234764E+00  0.113309E+02  0.184420E+00
  0.237498E+00  0.113855E+02  0.188161E+00
  0.240232E+00  0.113103E+02  0.181019E+00
  0.242966E+00  0.114278E+02  0.178534E+00
  0.245700E+00  0.112873E+02  0.177518E+00
  0.248434E+00  0.112902E+02  0.166808E+00
  0.251168E+00  0.112486E+02  0.169883E+00
  0.253902E+00  0.111860E+02  0.165233E+00
  0.256636E+00  0.112600E+02  0.161701E+00
  0.259370E+00  0.111599E+02  0.158475E+00
  0.262104E+00  0.110450E+02  0.152348E+00
  0.264838E+00  0.112316E+02  0.155421E+00
  0.267572E+00  0.110858E+02  0.149714E+00
  0.270306E+00  0.111726E+02  0.147244E+00
  0.273040E+00  0.111585E+02  0.146162E+00
  0.275774E+00  0.111551E+02  0.139925E+00
  0.278508E+00  0.112123E+02  0.143928E+00
  0.281242E+00  0.113024E+02  0.137395E+00
  0.283976E+00  0.113645E+02  0.137970E+00
  0.286710E+00  0.113623E+02  0.137219E+00
  0.289444E+00  0.109932E+02  0.131915E+00
  0.292178E+00  0.110920E+02  0.132135E+00
  0.294912E+00  0.111799E+02  0.129599E+00
  0.297647E+00  0.109802E+02  0.128084E+00
  0.300381E+00  0.112130E+02  0.128421E+00
  0.303115E+00  0.109997E+02  0.125669E+00
  0.305849E+00  0.111835E+02  0.124010E+00
  0.308583E+00  0.109414E+02  0.122177E+00
  0.311317E+00  0.109105E+02  0.120587E+00
  0.314051E+00  0.108234E+02  0.120157E+00
  0.316785E+00  0.108845E+02  0.116643E+00
  0.319519E+00  0.109096E+02  0.117662E+00
  0.322253E+00  0.107694E+02  0.116781E+00
  0.324987E+00  0.110552E+02  0.116077E+00
  0.327721E+00  0.109707E+02  0.113530E+00
  0.330455E+00  0.108224E+02  0.112482E+00
  0.333189E+00  0.109666E+02  0.113403E+00
  0.335923E+00  0.108560E+02  0.112727E+00
  0.338657E+00  0.109020E+02  0.110535E+00
  0.341391E+00  0.109814E+02  0.108071E+00
  0.344125E+00  0.107530E+02  0.108904E+00
  0.346859E+00  0.106997E+02  0.107678E+00
  0.349593E+00  0.108099E+02  0.109540E+00
  0.352327E+00  0.108857E+02  0.106164E+00
  0.355061E+00  0.107147E+02  0.105091E+00
  0.357795E+00  0.107437E+02  0.105838E+00
  0.360530E+00  0.108892E+02  0.106355E+00
  0.363264E+00  0.108413E+02  0.105685E+00
  0.365998E+00  0.107360E+02  0.103168E+00
  0.368732E+00  0.107365E+02  0.103774E+00
  0.371466E+00  0.107603E+02  0.105443E+00
  0.374200E+00  0.106835E+02  0.101440E+00
  0.376934E+00  0.106521E+02  0.102892E+00
  0.379668E+00  0.106791E+02  0.102568E+00
  0.382402E+00  0.106191E+02  0.101981E+00
  0.385136E+00  0.108409E+02  0.103348E+00
  0.387870E+00  0.106084E+02  0.999466E-01
  0.390604E+00  0.105891E+02  0.101811E+00
  0.393338E+00  0.106557E+02  0.100373E+00
  0.396072E+00  0.105743E+02  0.100488E+00
  0.398806E+00  0.106150E+02  0.989918E-01
  0.401540E+00  0.106731E+02  0.100684E+00
  0.404274E+00  0.106261E+02  0.100890E+00
  0.407008E+00  0.104906E+02  0.988379E-01
  0.409742E+00  0.105829E+02  0.983845E-01
  0.412476E+00  0.105339E+02  0.978033E-01
  0.415210E+00  0.104974E+02  0.985527E-01
  0.417944E+00  0.104000E+02  0.989545E-01
  0.420678E+00  0.103704E+02  0.963561E-01
  0.423413E+00  0.103143E+02  0.979770E-01
  0.426147E+00  0.103555E+02  0.950153E-01
  0.428881E+00  0.103739E+02  0.971696E-01
  0.431615E+00  0.103963E+02  0.970348E-01
  0.434349E+00  0.103361E+02  0.952153E-01
  0.437083E+00  0.104055E+02  0.971668E-01
  0.439817E+00  0.103629E+02  0.952695E-01
  0.442551E+00  0.102787E+02  0.956870E-01
  0.445285E+00  0.103257E+02  0.940411E-01
  0.448019E+00  0.103031E+02  0.950374E-01
  0.450753E+00  0.101491E+02  0.951954E-01
  0.453487E+00  0.102108E+02  0.937321E-01
  0.456221E+00  0.102029E+02  0.948498E-01
  0.458955E+00  0.101579E+02  0.923634E-01
  0.461689E+00  0.101373E+02  0.939350E-01
  0.464423E+00  0.102403E+02  0.941438E-01
  0.467157E+00  0.101254E+02  0.916668E-01
  0.469891E+00  0.100149E+02  0.934343E-01
  0.472625E+00  0.100655E+02  0.918990E-01
  0.475359E+00  0.101709E+02  0.931494E-01
  0.478093E+00  0.100669E+02  0.913618E-01
  0.480827E+00  0.100873E+02  0.914349E-01
  0.483561E+00  0.101185E+02  0.931302E-01
  0.486296E+00  0.100298E+02  0.910054E-01
  0.489030E+00  0.100210E+02  0.919860E-01
  0.491764E+00  0.999883E+01  0.905848E-01
  0.494498E+00  0.100059E+02  0.903817E-01
  0.497232E+00  0.999991E+01  0.911078E-01
  0.499966E+00  0.988877E+01  0.900234E-01
  0.502700E+00  0.990754E+01  0.894052E-01
  0.505434E+00  0.998216E+01  0.900533E-01
  0.508168E+00  0.994258E+01  0.904429E-01
  0.510902E+00  0.100039E+02  0.909398E-01
  0.513636E+00  0.992368E+01  0.891867E-01
  0.516370E+00  0.100462E+02  0.906187E-01
  0.519104E+00  0.999859E+01  0.900966E-01
  0.521838E+00  0.992656E+01  0.903191E-01
  0.524572E+00  0.996835E+01  0.899353E-01
  0.527306E+00  0.989824E+01  0.888403E-01
  0.530040E+00  0.994126E+01  0.899414E-01
  0.532774E+00  0.975502E+01  0.876733E-01
  0.535508E+00  0.995926E+01  0.893067E-01
  0.538242E+00  0.984426E+01  0.894798E-01
  0.540976E+00  0.100216E+02  0.889676E-01
  0.543710E+00  0.977949E+01  0.888398E-01
  0.546445E+00  0.971268E+01  0.875658E-01
  0.549179E+00  0.981250E+01  0.881416E-01
  0.551913E+00  0.973480E+01  0.872349E-01
  0.554647E+00  0.965574E+01  0.878560E-01
  0.557381E+00  0.975341E+01  0.881050E-01
  0.560115E+00  0.970166E+01  0.861373E-01
  0.562849E+00  0.966685E+01  0.866737E-01
  0.565583E+00  0.966314E+01  0.869525E-01
  0.568317E+00  0.971318E+01  0.878316E-01
  0.571051E+00  0.962896E+01  0.859449E-01
  0.573785E+00  0.964979E+01  0.860401E-01
  0.576519E+00  0.960836E+01  0.861758E-01
  0.579253E+00  0.957509E+01  0.865258E-01
  0.581987E+00  0.964748E+01  0.855291E-01
  0.584721E+00  0.960056E+01  0.864180E-01
  0.587455E+00  0.971582E+01  0.864378E-01
  0.590189E+00  0.952025E+01  0.852246E-01
  0.592923E+00  0.948155E+01  0.862669E-01
  0.595657E+00  0.954931E+01  0.848952E-01
  0.598391E+00  0.949038E+01  0.848764E-01
  0.601125E+00  0.946803E+01  0.852916E-01
  0.603859E+00  0.954703E+01  0.850001E-01
  0.606593E+00  0.956748E+01  0.844451E-01
  0.609328E+00  0.947918E+01  0.851127E-01
  0.612062E+00  0.938601E+01  0.841731E-01
  0.614796E+00  0.938604E+01  0.848485E-01
  0.617530E+00  0.936844E+01  0.834874E-01
  0.620264E+00  0.940216E+01  0.847081E-01
  0.622998E+00  0.929332E+01  0.837934E-01
  0.625732E+00  0.926275E+01  0.837625E-01
  0.628466E+00  0.938396E+01  0.831192E-01
  0.631200E+00  0.932460E+01  0.827540E-01
  0.633934E+00  0.920400E+01  0.838750E-01
  0.636668E+00  0.921365E+01  0.827261E-01
  0.639402E+00  0.904859E+01  0.822778E-01
  0.642136E+00  0.902293E+01  0.814611E-01
  0.644870E+00  0.920410E+01  0.822715E-01
  0.647604E+00  0.906510E+01  0.829685E-01
  0.650338E+00  0.913025E+01  0.823260E-01
  0.653072E+00  0.904127E+01  0.809834E-01
  0.655806E+00  0.901393E+01  0.825222E-01
  0.658540E+00  0.909083E+01  0.808072E-01
  0.661274E+00  0.915509E+01  0.827251E-01
  0.664008E+00  0.911706E+01  0.806718E-01
  0.666742E+00  0.903858E+01  0.807850E-01
  0.669476E+00  0.898826E+01  0.809583E-01
  0.672211E+00  0.896261E+01  0.805301E-01
  0.674945E+00  0.892355E+01  0.815948E-01
  0.677679E+00  0.898296E+01  0.796588E-01
  0.680413E+00  0.898300E+01  0.810119E-01
  0.683147E+00  0.895286E+01  0.810114E-01
  0.685881E+00  0.898989E+01  0.802987E-01
  0.688615E+00  0.895436E+01  0.810704E-01
  0.691349E+00  0.884618E+01  0.793326E-01
  0.694083E+00  0.876676E+01  0.794636E-01
  0.696817E+00  0.885865E+01  0.794781E-01
  0.699551E+00  0.877911E+01  0.783556E-01
  0.702285E+00  0.868412E+01  0.790876E-01
  0.705019E+00  0.879056E+01  0.793494E-01
  0.707753E+00  0.875363E+01  0.795387E-01
  0.710487E+00  0.861068E+01  0.775591E-01
  0.713221E+00  0.864962E+01  0.781302E-01
  0.715955E+00  0.870684E+01  0.786890E-01
  0.718689E+00  0.861764E+01  0.784860E-01
  0.721423E+00  0.870461E+01  0.786553E-01
  0.724157E+00  0.847454E+01  0.774239E-01
  0.726891E+00  0.854292E+01  0.771056E-01
  0.729625E+00  0.842425E+01  0.770832E-01
  0.732359E+00  0.852528E+01  0.771932E-01
  0.735094E+00  0.842127E+01  0.768065E-01
  0.737828E+00  0.841506E+01  0.758105E-01
  0.740562E+00  0.842066E+01  0.768366E-01
  0.743296E+00  0.833612E+01  0.763997E-01
  0.746030E+00  0.829678E+01  0.753128E-01
  0.748764E+00  0.827067E+01  0.752754E-01
  0.751498E+00  0.829112E+01  0.758151E-01
  0.754232E+00  0.836493E+01  0.762087E-01
  0.756966E+00  0.821430E+01  0.749122E-01
  0.759700E+00  0.822984E+01  0.753873E-01
  0.762434E+00  0.830910E+01  0.754785E-01
  0.765168E+00  0.827603E+01  0.755984E-01
  0.767902E+00  0.810816E+01  0.750065E-01
  0.770636E+00  0.803337E+01  0.746430E-01
  0.773370E+00  0.814184E+01  0.753672E-01
  0.776104E+00  0.814928E+01  0.753636E-01
  0.778838E+00  0.800992E+01  0.750443E-01
  0.781572E+00  0.796457E+01  0.742978E-01
  0.784306E+00  0.808028E+01  0.753432E-01
  0.787040E+00  0.806954E+01  0.761743E-01
  0.789774E+00  0.784538E+01  0.749949E-01
  0.792508E+00  0.794664E+01  0.753434E-01
  0.795242E+00  0.793427E+01  0.752936E-01
  0.797977E+00  0.784880E+01  0.751225E-01
  0.800711E+00  0.790058E+01  0.766798E-01
  0.803445E+00  0.793057E+01  0.751754E-01
  0.806179E+00  0.781364E+01  0.758230E-01
  0.808913E+00  0.771396E+01  0.751112E-01
  0.811647E+00  0.773665E+01  0.758062E-01
  0.814381E+00  0.769820E+01  0.747256E-01
  0.817115E+00  0.775108E+01  0.752132E-01
  0.819849E+00  0.759922E+01  0.756142E-01
  0.822583E+00  0.765850E+01  0.753175E-01
  0.825317E+00  0.750039E+01  0.749003E-01
  0.828051E+00  0.752969E+01  0.748577E-01
  0.830785E+00  0.757045E+01  0.742602E-01
  0.833519E+00  0.750209E+01  0.756504E-01
  0.836253E+00  0.747089E+01  0.746828E-01
  0.838987E+00  0.749059E+01  0.747077E-01
  0.841721E+00  0.750358E+01  0.754636E-01
  0.844455E+00  0.740271E+01  0.745129E-01
  0.847189E+00  0.734301E+01  0.749595E-01
  0.849923E+00  0.745170E+01  0.738189E-01
  0.852657E+00  0.728709E+01  0.746968E-01
  0.855391E+00  0.727899E+01  0.741688E-01
  0.858125E+00  0.742077E+01  0.755106E-01
  0.860860E+00  0.723753E+01  0.745132E-01
  0.863594E+00  0.717551E+01  0.735657E-01
  0.866328E+00  0.718760E+01  0.742771E-01
  0.869062E+00  0.714205E+01  0.740485E-01
  0.871796E+00  0.721504E+01  0.744456E-01
  0.874530E+00  0.715745E+01  0.739111E-01
  0.877264E+00  0.708609E+01  0.739528E-01
  0.879998E+00  0.708091E+01  0.743887E-01
  0.882732E+00  0.701711E+01  0.740709E-01
  0.885466E+00  0.700203E+01  0.734524E-01
  0.888200E+00  0.698473E+01  0.737598E-01
  0.890934E+00  0.692307E+01  0.733052E-01
  0.893668E+00  0.704454E+01  0.743506E-01
  0.896402E+00  0.701548E+01  0.738572E-01
  0.899136E+00  0.687092E+01  0.728130E-01
  0.901870E+00  0.680617E+01  0.729554E-01
  0.904604E+00  0.687791E+01  0.737322E-01
  0.907338E+00  0.689828E+01  0.732138E-01
  0.910072E+00  0.676490E+01  0.734346E-01
  0.912806E+00  0.671677E+01  0.727970E-01
  0.915540E+00  0.664753E+01  0.719996E-01
  0.918274E+00  0.673710E+01  0.732691E-01
  0.921009E+00  0.691214E+01  0.736628E-01
  0.923743E+00  0.666703E+01  0.727544E-01
  0.926477E+00  0.664098E+01  0.731140E-01
  0.929211E+00  0.660241E+01  0.715464E-01
  0.931945E+00  0.665606E+01  0.727680E-01
  0.934679E+00  0.661706E+01  0.725535E-01
  0.937413E+00  0.647448E+01  0.723767E-01
  0.940147E+00  0.649580E+01  0.724717E-01
  0.942881E+00  0.650240E+01  0.716290E-01
  0.945615E+00  0.642686E+01  0.725584E-01
  0.948349E+00  0.647954E+01  0.716273E-01
  0.951083E+00  0.641015E+01  0.722141E-01
  0.953817E+00  0.643916E+01  0.722833E-01
  0.956551E+00  0.624080E+01  0.716873E-01
  0.959285E+00  0.631013E+01  0.724241E-01
  0.962019E+00  0.625460E+01  0.709657E-01
  0.964753E+00  0.627052E+01  0.715899E-01
  0.967487E+00  0.622035E+01  0.711789E-01
  0.970221E+00  0.619583E+01  0.711190E-01
  0.972955E+00  0.617044E+01  0.715443E-01
  0.975689E+00  0.616282E+01  0.707689E-01
  0.978423E+00  0.622176E+01  0.719778E-01
  0.981157E+00  0.617700E+01  0.706990E-01
  0.983892E+00  0.606543E+01  0.717647E-01
  0.986626E+00  0.612064E+01  0.712683E-01
  0.989360E+00  0.619013E+01  0.713562E-01
  0.992094E+00  0.604771E+01  0.714681E-01
  0.994828E+00  0.592800E+01  0.699059E-01
  0.997562E+00  0.595132E+01  0.707705E-01
  0.100030E+01  0.589700E+01  0.696082E-01
  0.100303E+01  0.591536E+01  0.702319E-01
  0.100576E+01  0.596650E+01  0.703535E-01
  0.100850E+01  0.584370E+01  0.702863E-01
  0.101123E+01  0.592399E+01  0.705121E-01
  0.101397E+01  0.585567E+01  0.696002E-01
  0.101670E+01  0.575598E+01  0.705473E-01
  0.101943E+01  0.583254E+01  0.703796E-01
  0.102217E+01  0.564839E+01  0.696316E-01
  0.102490E+01  0.583413E+01  0.704675E-01
  0.102764E+01  0.574669E+01  0.687266E-01
  0.103037E+01  0.572133E+01  0.705985E-01
  0.103310E+01  0.566378E+01  0.690200E-01
  0.103584E+01  0.563668E+01  0.696214E-01
  0.103857E+01  0.556944E+01  0.696064E-01
  0.104131E+01  0.557789E+01  0.692197E-01
  0.104404E+01  0.553246E+01  0.699955E-01
  0.104677E+01  0.542117E+01  0.680857E-01
  0.104951E+01  0.553538E+01  0.688876E-01
  0.105224E+01  0.551623E+01  0.691997E-01
  0.105498E+01  0.544616E+01  0.686920E-01
  0.105771E+01  0.547347E+01  0.694341E-01
  0.106044E+01  0.535833E+01  0.682417E-01
  0.106318E+01  0.536352E+01  0.688008E-01
  0.106591E+01  0.541072E+01  0.680280E-01
  0.106865E+01  0.537841E+01  0.682264E-01
  0.107138E+01  0.535386E+01  0.688125E-01
  0.107411E+01  0.531546E+01  0.679423E-01
  0.107685E+01  0.532164E+01  0.686344E-01
  0.107958E+01  0.529933E+01  0.677834E-01
  0.108232E+01  0.525428E+01  0.677283E-01
  0.108505E+01  0.520349E+01  0.685300E-01
  0.108779E+01  0.515673E+01  0.676919E-01
  0.109052E+01  0.516599E+01  0.682887E-01
  0.109325E+01  0.506420E+01  0.669562E-01
  0.109599E+01  0.516217E+01  0.677293E-01
  0.109872E+01  0.512046E+01  0.679797E-01
  0.110146E+01  0.504529E+01  0.674354E-01
  0.110419E+01  0.497292E+01  0.674138E-01
  0.110692E+01  0.506005E+01  0.673403E-01
  0.110966E+01  0.490295E+01  0.665305E-01
  0.111239E+01  0.493766E+01  0.674105E-01
  0.111513E+01  0.493885E+01  0.663721E-01
  0.111786E+01  0.498897E+01  0.672289E-01
  0.112059E+01  0.494844E+01  0.670663E-01
  0.112333E+01  0.481307E+01  0.663081E-01
  0.112606E+01  0.491341E+01  0.672434E-01
  0.112880E+01  0.488267E+01  0.661707E-01
  0.113153E+01  0.486318E+01  0.667541E-01
  0.113426E+01  0.485044E+01  0.666387E-01
  0.113700E+01  0.477510E+01  0.658091E-01
  0.113973E+01  0.472723E+01  0.659575E-01
  0.114247E+01  0.487219E+01  0.668840E-01
  0.114520E+01  0.468590E+01  0.659471E-01
  0.114793E+01  0.479912E+01  0.666274E-01
  0.115067E+01  0.464805E+01  0.656425E-01
  0.115340E+01  0.463432E+01  0.659233E-01
  0.115614E+01  0.457820E+01  0.656524E-01
  0.115887E+01  0.470024E+01  0.657351E-01
  0.116160E+01  0.456918E+01  0.654832E-01
  0.116434E+01  0.461698E+01  0.654496E-01
  0.116707E+01  0.447617E+01  0.656005E-01
  0.116981E+01  0.462600E+01  0.655967E-01
  0.117254E+01  0.445489E+01  0.647103E-01
  0.117527E+01  0.442119E+01  0.647710E-01
  0.117801E+01  0.434567E+01  0.648171E-01
  0.118074E+01  0.434054E+01  0.649216E-01
  0.118348E+01  0.432773E+01  0.645671E-01
  0.118621E+01  0.434836E+01  0.644227E-01
  0.118894E+01  0.429163E+01  0.645086E-01
  0.119168E+01  0.427260E+01  0.644473E-01
  0.119441E+01  0.436584E+01  0.651253E-01
  0.119715E+01  0.432164E+01  0.644554E-01
  0.119988E+01  0.419093E+01  0.642004E-01
  0.120262E+01  0.423961E+01  0.641562E-01
  0.120535E+01  0.416098E+01  0.634616E-01
  0.120808E+01  0.427462E+01  0.642115E-01
  0.121082E+01  0.418552E+01  0.639151E-01
  0.121355E+01  0.408023E+01  0.642897E-01
  0.121629E+01  0.412392E+01  0.639864E-01
  0.121902E+01  0.420568E+01  0.636325E-01
  0.122175E+01  0.414375E+01  0.636781E-01
  0.122449E+01  0.405193E+01  0.632469E-01
  0.122722E+01  0.406312E+01  0.635781E-01
  0.122996E+01  0.401813E+01  0.673127E-01
  0.123269E+01  0.401965E+01  0.689618E-01
  0.123816E+01  0.390873E+01  0.702909E-01
  0.124089E+01  0.400333E+01  0.726744E-01
  0.124363E+01  0.407423E+01  0.746707E-01
  0.124636E+01  0.394290E+01  0.746602E-01
  0.124909E+01  0.395536E+01  0.748803E-01
  0.125183E+01  0.388423E+01  0.767417E-01
  0.125456E+01  0.389705E+01  0.766585E-01
  0.125730E+01  0.382952E+01  0.777895E-01
  0.126003E+01  0.398735E+01  0.806744E-01
  0.126276E+01  0.392405E+01  0.818478E-01
  0.126550E+01  0.369305E+01  0.735794E-01
  0.126823E+01  0.371682E+01  0.715592E-01
  0.127097E+01  0.371107E+01  0.701068E-01
  0.127370E+01  0.372632E+01  0.692917E-01
  0.127643E+01  0.376657E+01  0.683138E-01
  0.127917E+01  0.367745E+01  0.685879E-01
  0.128190E+01  0.363027E+01  0.672932E-01
  0.128464E+01  0.356532E+01  0.670085E-01
  0.128737E+01  0.365560E+01  0.666494E-01
  0.129010E+01  0.359825E+01  0.658525E-01
  0.129284E+01  0.363203E+01  0.650472E-01
  0.129557E+01  0.355211E+01  0.647425E-01
  0.129831E+01  0.353920E+01  0.636577E-01
  0.130104E+01  0.356526E+01  0.642116E-01
  0.130377E+01  0.347868E+01  0.626692E-01
  0.130651E+01  0.343922E+01  0.624427E-01
  0.130924E+01  0.356768E+01  0.639074E-01
  0.131198E+01  0.337080E+01  0.621560E-01
  0.131471E+01  0.340169E+01  0.624078E-01
  0.131744E+01  0.335781E+01  0.614584E-01
  0.132018E+01  0.348037E+01  0.619741E-01
  0.132291E+01  0.339721E+01  0.625790E-01
  0.132565E+01  0.334818E+01  0.616250E-01
  0.132838E+01  0.332201E+01  0.614872E-01
  0.133112E+01  0.331574E+01  0.612797E-01
  0.133385E+01  0.337359E+01  0.618470E-01
  0.133658E+01  0.340291E+01  0.625090E-01
  0.133932E+01  0.332782E+01  0.605448E-01
  0.134205E+01  0.322404E+01  0.614246E-01
  0.134479E+01  0.321931E+01  0.615233E-01
  0.134752E+01  0.320880E+01  0.617581E-01
  0.135025E+01  0.311421E+01  0.608971E-01
  0.135299E+01  0.320018E+01  0.613134E-01
  0.135572E+01  0.312821E+01  0.608270E-01
  0.135846E+01  0.313370E+01  0.611757E-01
  0.136119E+01  0.313585E+01  0.600091E-01
  0.136392E+01  0.303488E+01  0.602305E-01
  0.136666E+01  0.315019E+01  0.607043E-01
  0.136939E+01  0.311108E+01  0.606165E-01
  0.137213E+01  0.309250E+01  0.601159E-01
  0.137486E+01  0.295821E+01  0.599675E-01
  0.137759E+01  0.299415E+01  0.600257E-01
  0.138033E+01  0.302630E+01  0.602375E-01
  0.138306E+01  0.303799E+01  0.603264E-01
  0.138580E+01  0.296257E+01  0.593916E-01
  0.138853E+01  0.298273E+01  0.595651E-01
  0.139126E+01  0.286242E+01  0.591470E-01
  0.139400E+01  0.288303E+01  0.590790E-01
  0.139673E+01  0.288165E+01  0.603671E-01
  0.139947E+01  0.280370E+01  0.589280E-01
  0.140220E+01  0.283277E+01  0.592918E-01
  0.140493E+01  0.285869E+01  0.592760E-01
  0.140767E+01  0.283414E+01  0.588083E-01
  0.141040E+01  0.282178E+01  0.593558E-01
  0.141314E+01  0.273127E+01  0.593076E-01
  0.141587E+01  0.283384E+01  0.590876E-01
  0.141860E+01  0.281127E+01  0.589849E-01
  0.142134E+01  0.278497E+01  0.586173E-01
  0.142407E+01  0.278726E+01  0.592482E-01
  0.142681E+01  0.273714E+01  0.584989E-01
  0.142954E+01  0.277903E+01  0.588448E-01
  0.143227E+01  0.260614E+01  0.575736E-01
  0.143501E+01  0.268130E+01  0.587328E-01
  0.143774E+01  0.265535E+01  0.583865E-01
  0.144048E+01  0.263703E+01  0.580599E-01
  0.144321E+01  0.254706E+01  0.574353E-01
  0.144594E+01  0.260313E+01  0.583294E-01
  0.144868E+01  0.258797E+01  0.583844E-01
  0.145141E+01  0.256548E+01  0.580787E-01
  0.145415E+01  0.250851E+01  0.571965E-01
  0.145688E+01  0.259994E+01  0.576560E-01
  0.145962E+01  0.248722E+01  0.572057E-01
  0.146235E+01  0.248674E+01  0.564349E-01
  0.146508E+01  0.255017E+01  0.570675E-01
  0.146782E+01  0.248268E+01  0.568846E-01
  0.147055E+01  0.239606E+01  0.559921E-01
  0.147329E+01  0.249472E+01  0.562298E-01
  0.147602E+01  0.243184E+01  0.559648E-01
  0.147875E+01  0.232375E+01  0.553525E-01
  0.148149E+01  0.239997E+01  0.560492E-01
  0.148422E+01  0.241728E+01  0.560646E-01
  0.148696E+01  0.236224E+01  0.563553E-01
  0.148969E+01  0.236608E+01  0.548857E-01
  0.149242E+01  0.239322E+01  0.557535E-01
  0.149516E+01  0.225692E+01  0.553613E-01
  0.149789E+01  0.233836E+01  0.558216E-01
  0.150063E+01  0.237847E+01  0.558312E-01
  0.150336E+01  0.224964E+01  0.551378E-01
  0.150609E+01  0.224345E+01  0.557886E-01
  0.150883E+01  0.217367E+01  0.550804E-01
  0.151156E+01  0.232528E+01  0.556799E-01
  0.151430E+01  0.229942E+01  0.553338E-01
  0.151703E+01  0.225295E+01  0.560017E-01
  0.151976E+01  0.223758E+01  0.550070E-01
  0.152250E+01  0.210947E+01  0.548723E-01
  0.152523E+01  0.220784E+01  0.547384E-01
  0.152797E+01  0.210884E+01  0.547068E-01
  0.153070E+01  0.208881E+01  0.545501E-01
  0.153343E+01  0.208195E+01  0.546030E-01
  0.153617E+01  0.210955E+01  0.547325E-01
  0.153890E+01  0.205956E+01  0.541382E-01
  0.154164E+01  0.209964E+01  0.551653E-01
  0.154437E+01  0.200819E+01  0.540212E-01
  0.154710E+01  0.216527E+01  0.544803E-01
  0.154984E+01  0.209062E+01  0.548827E-01
  0.155257E+01  0.208464E+01  0.547660E-01
  0.155531E+01  0.197752E+01  0.541492E-01
  0.155804E+01  0.209876E+01  0.548593E-01
  0.156077E+01  0.206581E+01  0.539648E-01
  0.156351E+01  0.194255E+01  0.542369E-01
  0.156624E+01  0.200177E+01  0.546315E-01
  0.156898E+01  0.201473E+01  0.540349E-01
  0.157171E+01  0.195398E+01  0.539612E-01
  0.157444E+01  0.197520E+01  0.548018E-01
  0.157718E+01  0.191395E+01  0.543052E-01
  0.157991E+01  0.199422E+01  0.543876E-01
  0.158265E+01  0.193477E+01  0.534651E-01
  0.158538E+01  0.191755E+01  0.538534E-01
  0.158812E+01  0.196137E+01  0.539777E-01
  0.159085E+01  0.195774E+01  0.534017E-01
  0.159358E+01  0.191254E+01  0.534462E-01
  0.159632E+01  0.181021E+01  0.537597E-01
  0.159905E+01  0.185155E+01  0.534485E-01
  0.160179E+01  0.185768E+01  0.537090E-01
  0.160452E+01  0.179433E+01  0.535233E-01
  0.160725E+01  0.176919E+01  0.532726E-01
  0.160999E+01  0.180536E+01  0.530561E-01
  0.161272E+01  0.182624E+01  0.536329E-01
  0.161546E+01  0.179376E+01  0.533300E-01
  0.161819E+01  0.170076E+01  0.528937E-01
  0.162092E+01  0.168528E+01  0.530724E-01
  0.162366E+01  0.180543E+01  0.532787E-01
  0.162639E+01  0.165873E+01  0.530913E-01
  0.162913E+01  0.163137E+01  0.522190E-01
  0.163186E+01  0.172629E+01  0.529497E-01
  0.163459E+01  0.161644E+01  0.527196E-01
  0.163733E+01  0.161120E+01  0.530354E-01
  0.164006E+01  0.170726E+01  0.522492E-01
  0.164280E+01  0.156248E+01  0.525144E-01
  0.164553E+01  0.161882E+01  0.528748E-01
  0.164826E+01  0.167103E+01  0.527103E-01
  0.165100E+01  0.151689E+01  0.516940E-01
  0.165373E+01  0.155811E+01  0.523525E-01
  0.165647E+01  0.156968E+01  0.532961E-01
  0.165920E+01  0.161163E+01  0.523254E-01
  0.166193E+01  0.164834E+01  0.525826E-01
  0.166467E+01  0.152593E+01  0.520379E-01
  0.166740E+01  0.150778E+01  0.520599E-01
  0.167014E+01  0.158409E+01  0.527246E-01
  0.167287E+01  0.155914E+01  0.523100E-01
  0.167560E+01  0.146358E+01  0.515305E-01
  0.167834E+01  0.153905E+01  0.525106E-01
  0.168107E+01  0.147689E+01  0.521360E-01
  0.168381E+01  0.148764E+01  0.524363E-01
  0.168654E+01  0.148747E+01  0.518377E-01
  0.168927E+01  0.145210E+01  0.521974E-01
  0.169201E+01  0.153632E+01  0.518828E-01
  0.169474E+01  0.144972E+01  0.518923E-01
  0.169748E+01  0.146571E+01  0.512234E-01
  0.170021E+01  0.142870E+01  0.519930E-01
  0.170295E+01  0.135168E+01  0.515840E-01
  0.170568E+01  0.140470E+01  0.518642E-01
  0.170841E+01  0.142004E+01  0.515620E-01
  0.171115E+01  0.135353E+01  0.514861E-01
  0.171388E+01  0.137067E+01  0.516503E-01
  0.171662E+01  0.136201E+01  0.517039E-01
  0.171935E+01  0.129078E+01  0.511118E-01
  0.172208E+01  0.137850E+01  0.512712E-01
  0.172482E+01  0.134457E+01  0.511638E-01
  0.172755E+01  0.133266E+01  0.514681E-01
  0.173029E+01  0.136163E+01  0.512754E-01
  0.173302E+01  0.127996E+01  0.512312E-01
  0.173575E+01  0.129094E+01  0.514993E-01
  0.173849E+01  0.117416E+01  0.505222E-01
  0.174122E+01  0.123593E+01  0.515571E-01
  0.174396E+01  0.129100E+01  0.511167E-01
  0.174669E+01  0.128333E+01  0.505993E-01
  0.174942E+01  0.116661E+01  0.508058E-01
  0.175216E+01  0.125067E+01  0.509476E-01
  0.175489E+01  0.129061E+01  0.512813E-01
  0.175763E+01  0.127546E+01  0.509881E-01
  0.176036E+01  0.114930E+01  0.505489E-01
  0.176309E+01  0.122060E+01  0.503555E-01
  0.176583E+01  0.118454E+01  0.508939E-01
  0.176856E+01  0.120551E+01  0.507847E-01
  0.177130E+01  0.116957E+01  0.506045E-01
  0.177403E+01  0.120934E+01  0.505661E-01
  0.177676E+01  0.111784E+01  0.503190E-01
  0.177950E+01  0.122565E+01  0.504363E-01
  0.178223E+01  0.115044E+01  0.500970E-01
  0.178497E+01  0.115943E+01  0.504720E-01
  0.178770E+01  0.107562E+01  0.504664E-01
  0.179043E+01  0.107185E+01  0.503269E-01
  0.179317E+01  0.111199E+01  0.504407E-01
  0.179590E+01  0.118965E+01  0.501965E-01
  0.179864E+01  0.111044E+01  0.503993E-01
  0.180137E+01  0.111211E+01  0.506290E-01
  0.180410E+01  0.115190E+01  0.505245E-01
  0.180684E+01  0.101693E+01  0.499088E-01
  0.180957E+01  0.105593E+01  0.502214E-01
  0.181231E+01  0.104484E+01  0.501267E-01
  0.181504E+01  0.102308E+01  0.498496E-01
  0.181777E+01  0.107184E+01  0.499887E-01
  0.182051E+01  0.104018E+01  0.504341E-01
  0.182324E+01  0.106603E+01  0.500557E-01
  0.182598E+01  0.959209E+00  0.496912E-01
  0.182871E+01  0.105692E+01  0.498736E-01
  0.183145E+01  0.952497E+00  0.491807E-01
  0.183418E+01  0.104731E+01  0.503050E-01
  0.183691E+01  0.104192E+01  0.504132E-01
  0.183965E+01  0.102185E+01  0.501119E-01
  0.184238E+01  0.927330E+00  0.496452E-01
  0.184512E+01  0.104393E+01  0.496621E-01
  0.184785E+01  0.881032E+00  0.494879E-01
  0.185058E+01  0.100120E+01  0.497003E-01
  0.185332E+01  0.918585E+00  0.495860E-01
  0.185605E+01  0.925556E+00  0.492300E-01
  0.185879E+01  0.942923E+00  0.493941E-01
  0.186152E+01  0.839240E+00  0.493468E-01
  0.186425E+01  0.868702E+00  0.490611E-01
  0.186699E+01  0.941972E+00  0.494253E-01
  0.186972E+01  0.869067E+00  0.494831E-01
  0.187246E+01  0.913684E+00  0.490282E-01
  0.187519E+01  0.853140E+00  0.491428E-01
  0.187792E+01  0.819400E+00  0.489021E-01
  0.188066E+01  0.890297E+00  0.491585E-01
  0.188339E+01  0.849227E+00  0.493706E-01
  0.188613E+01  0.825241E+00  0.491642E-01
  0.188886E+01  0.833263E+00  0.489509E-01
  0.189159E+01  0.807318E+00  0.486271E-01
  0.189433E+01  0.828028E+00  0.490413E-01
  0.189706E+01  0.773795E+00  0.488478E-01
  0.189980E+01  0.828004E+00  0.492110E-01
  0.190253E+01  0.839048E+00  0.482549E-01
  0.190526E+01  0.796625E+00  0.489502E-01
  0.190800E+01  0.793189E+00  0.484006E-01
  0.191073E+01  0.830680E+00  0.483389E-01
  0.191347E+01  0.838560E+00  0.492285E-01
  0.191620E+01  0.710748E+00  0.481798E-01
  0.191893E+01  0.824054E+00  0.485068E-01
  0.192167E+01  0.770136E+00  0.487809E-01
  0.192440E+01  0.755661E+00  0.484538E-01
  0.192714E+01  0.730538E+00  0.485707E-01
  0.192987E+01  0.770025E+00  0.486202E-01
  0.193260E+01  0.783239E+00  0.488018E-01
  0.193534E+01  0.735037E+00  0.486166E-01
  0.193807E+01  0.740803E+00  0.482238E-01
  0.194081E+01  0.646069E+00  0.479426E-01
  0.194354E+01  0.720927E+00  0.478478E-01
  0.194627E+01  0.782478E+00  0.485766E-01
  0.194901E+01  0.665235E+00  0.483028E-01
  0.195174E+01  0.740439E+00  0.482766E-01
  0.195448E+01  0.608214E+00  0.482100E-01
  0.195721E+01  0.694598E+00  0.482501E-01
  0.195995E+01  0.710476E+00  0.482808E-01
  0.196268E+01  0.694197E+00  0.482729E-01
  0.196541E+01  0.711193E+00  0.483207E-01
  0.196815E+01  0.680253E+00  0.483448E-01
  0.197088E+01  0.683511E+00  0.482677E-01
  0.197362E+01  0.654135E+00  0.482974E-01
  0.197635E+01  0.672293E+00  0.477892E-01
  0.197908E+01  0.630087E+00  0.482789E-01
  0.198182E+01  0.682070E+00  0.478154E-01
  0.198455E+01  0.710284E+00  0.481964E-01
  0.198729E+01  0.602664E+00  0.476437E-01
  0.199002E+01  0.595970E+00  0.481976E-01
  0.199275E+01  0.656459E+00  0.482863E-01
  0.199549E+01  0.638999E+00  0.476336E-01
  0.199822E+01  0.636879E+00  0.476991E-01
  0.200096E+01  0.563214E+00  0.475532E-01
  0.200369E+01  0.639691E+00  0.480811E-01
  0.200642E+01  0.605989E+00  0.476400E-01
  0.200916E+01  0.624147E+00  0.479664E-01
  0.201189E+01  0.596409E+00  0.479211E-01
  0.201463E+01  0.587583E+00  0.474180E-01
  0.201736E+01  0.662237E+00  0.481583E-01
  0.202009E+01  0.545161E+00  0.476611E-01
  0.202283E+01  0.618795E+00  0.478510E-01
  0.202556E+01  0.555550E+00  0.480743E-01
  0.202830E+01  0.601483E+00  0.473093E-01
  0.203103E+01  0.503881E+00  0.477417E-01
  0.203376E+01  0.573739E+00  0.480527E-01
  0.203650E+01  0.569981E+00  0.473429E-01
  0.203923E+01  0.540785E+00  0.472935E-01
  0.204197E+01  0.523350E+00  0.479845E-01
  0.204470E+01  0.528375E+00  0.478995E-01
  0.204743E+01  0.594487E+00  0.475568E-01
  0.205017E+01  0.547651E+00  0.474519E-01
  0.205290E+01  0.510006E+00  0.475001E-01
  0.205564E+01  0.564666E+00  0.476176E-01
  0.205837E+01  0.576354E+00  0.477198E-01
  0.206110E+01  0.508418E+00  0.474167E-01
  0.206384E+01  0.521527E+00  0.474189E-01
  0.206657E+01  0.506638E+00  0.476445E-01
  0.206931E+01  0.497244E+00  0.475242E-01
  0.207204E+01  0.490791E+00  0.475990E-01
  0.207477E+01  0.512398E+00  0.474020E-01
  0.207751E+01  0.486267E+00  0.468182E-01
  0.208024E+01  0.525630E+00  0.471791E-01
  0.208298E+01  0.442002E+00  0.469365E-01
  0.208571E+01  0.530946E+00  0.474941E-01
  0.208845E+01  0.464153E+00  0.471715E-01
  0.209118E+01  0.439574E+00  0.474329E-01
  0.209391E+01  0.483585E+00  0.473868E-01
  0.209665E+01  0.424907E+00  0.470684E-01
  0.209938E+01  0.446656E+00  0.469072E-01
  0.210212E+01  0.429413E+00  0.467698E-01
  0.210485E+01  0.372583E+00  0.472170E-01
  0.210758E+01  0.466638E+00  0.472504E-01
  0.211032E+01  0.478863E+00  0.473132E-01
  0.211305E+01  0.483430E+00  0.469167E-01
  0.211579E+01  0.493028E+00  0.470587E-01
  0.211852E+01  0.513393E+00  0.467260E-01
  0.212125E+01  0.406088E+00  0.469585E-01
  0.212399E+01  0.447509E+00  0.469058E-01
  0.212672E+01  0.449611E+00  0.474927E-01
  0.212946E+01  0.359685E+00  0.465722E-01
  0.213219E+01  0.445637E+00  0.470247E-01
  0.213492E+01  0.463857E+00  0.468398E-01
  0.213766E+01  0.436112E+00  0.468038E-01
  0.214039E+01  0.343177E+00  0.467455E-01
  0.214313E+01  0.490192E+00  0.472054E-01
  0.214586E+01  0.447213E+00  0.472619E-01
  0.214859E+01  0.347046E+00  0.465755E-01
  0.215133E+01  0.443201E+00  0.470946E-01
  0.215406E+01  0.331595E+00  0.468332E-01
  0.215680E+01  0.326916E+00  0.465487E-01
  0.215953E+01  0.420779E+00  0.467155E-01
  0.216226E+01  0.310884E+00  0.462312E-01
  0.216500E+01  0.466391E+00  0.466462E-01
  0.216773E+01  0.453399E+00  0.469513E-01
  0.217047E+01  0.383084E+00  0.465262E-01
  0.217320E+01  0.379586E+00  0.468410E-01
  0.217593E+01  0.406508E+00  0.467784E-01
  0.217867E+01  0.381947E+00  0.465493E-01
  0.218140E+01  0.349042E+00  0.467047E-01
  0.218414E+01  0.445408E+00  0.466050E-01
  0.218687E+01  0.372942E+00  0.467396E-01
  0.218960E+01  0.346786E+00  0.468249E-01
  0.219234E+01  0.385031E+00  0.461063E-01
  0.219507E+01  0.309629E+00  0.464429E-01
  0.219781E+01  0.401304E+00  0.462667E-01
  0.220054E+01  0.311094E+00  0.464980E-01
  0.220328E+01  0.418269E+00  0.465404E-01
  0.220601E+01  0.280198E+00  0.461345E-01
  0.220874E+01  0.384635E+00  0.466780E-01
  0.221148E+01  0.318337E+00  0.462060E-01
  0.221421E+01  0.366026E+00  0.459080E-01
  0.221695E+01  0.365538E+00  0.464691E-01
  0.221968E+01  0.296131E+00  0.460376E-01
  0.222241E+01  0.316508E+00  0.463111E-01
  0.222515E+01  0.355562E+00  0.460466E-01
  0.222788E+01  0.320871E+00  0.464802E-01
  0.223062E+01  0.296941E+00  0.460807E-01
  0.223335E+01  0.359394E+00  0.463999E-01
  0.223608E+01  0.303053E+00  0.462627E-01
  0.223882E+01  0.345933E+00  0.461592E-01
  0.224155E+01  0.350538E+00  0.466409E-01
  0.224429E+01  0.427905E+00  0.465696E-01
  0.224702E+01  0.393646E+00  0.463820E-01
  0.224975E+01  0.338269E+00  0.461724E-01
  0.225249E+01  0.360006E+00  0.458637E-01
  0.225522E+01  0.340124E+00  0.460254E-01
  0.225796E+01  0.283826E+00  0.458623E-01
  0.226069E+01  0.313387E+00  0.464694E-01
  0.226342E+01  0.299468E+00  0.462682E-01
  0.226616E+01  0.320216E+00  0.461665E-01
  0.226889E+01  0.251607E+00  0.464953E-01
  0.227163E+01  0.265989E+00  0.461305E-01
  0.227436E+01  0.227577E+00  0.457865E-01
  0.227709E+01  0.283269E+00  0.459022E-01
  0.227983E+01  0.302454E+00  0.460816E-01
  0.228256E+01  0.317336E+00  0.460728E-01
  0.228530E+01  0.305970E+00  0.457668E-01
  0.228803E+01  0.297991E+00  0.459768E-01
  0.229076E+01  0.315939E+00  0.465258E-01
  0.229350E+01  0.320723E+00  0.462075E-01
  0.229623E+01  0.286298E+00  0.460498E-01
  0.229897E+01  0.283467E+00  0.455918E-01
  0.230170E+01  0.279370E+00  0.457410E-01
  0.230443E+01  0.354104E+00  0.459716E-01
  0.230717E+01  0.287633E+00  0.459623E-01
  0.230990E+01  0.301143E+00  0.459780E-01
  0.231264E+01  0.305130E+00  0.459169E-01
  0.231537E+01  0.201576E+00  0.452839E-01
  0.231810E+01  0.342744E+00  0.457160E-01
  0.232084E+01  0.182602E+00  0.455468E-01
  0.232357E+01  0.316786E+00  0.457597E-01
  0.232631E+01  0.234759E+00  0.453702E-01
  0.232904E+01  0.255006E+00  0.454285E-01
  0.233178E+01  0.221180E+00  0.454398E-01
  0.233451E+01  0.231675E+00  0.452187E-01
  0.233724E+01  0.282682E+00  0.453637E-01
  0.233998E+01  0.247441E+00  0.454812E-01
  0.234271E+01  0.216520E+00  0.456746E-01
  0.234545E+01  0.205711E+00  0.458633E-01
  0.234818E+01  0.220334E+00  0.458287E-01
  0.235091E+01  0.309283E+00  0.454173E-01
  0.235365E+01  0.281428E+00  0.456637E-01
  0.235638E+01  0.194654E+00  0.454276E-01
  0.235912E+01  0.254048E+00  0.456900E-01
  0.236185E+01  0.262250E+00  0.457929E-01
  0.236458E+01  0.287602E+00  0.458727E-01
  0.236732E+01  0.247132E+00  0.455702E-01
  0.237005E+01  0.241829E+00  0.456177E-01
  0.237279E+01  0.264759E+00  0.454821E-01
  0.237552E+01  0.234574E+00  0.453834E-01
  0.237825E+01  0.275494E+00  0.455727E-01
  0.238099E+01  0.305939E+00  0.460026E-01
  0.238372E+01  0.242429E+00  0.450712E-01
  0.238646E+01  0.200754E+00  0.454837E-01
  0.238919E+01  0.287040E+00  0.453015E-01
  0.239192E+01  0.186471E+00  0.457761E-01
  0.239466E+01  0.256230E+00  0.458732E-01
  0.239739E+01  0.261718E+00  0.454191E-01
  0.240013E+01  0.141731E+00  0.454319E-01
  0.240286E+01  0.243035E+00  0.456643E-01
  0.240559E+01  0.216681E+00  0.454961E-01
  0.240833E+01  0.233047E+00  0.454857E-01
  0.241106E+01  0.206885E+00  0.450056E-01
  0.241380E+01  0.195266E+00  0.457163E-01
  0.241653E+01  0.243214E+00  0.448001E-01
  0.241926E+01  0.218467E+00  0.451603E-01
  0.242200E+01  0.264277E+00  0.450257E-01
  0.242473E+01  0.193752E+00  0.448929E-01
  0.242747E+01  0.261100E+00  0.454815E-01
  0.243020E+01  0.198708E+00  0.451936E-01
  0.243293E+01  0.222960E+00  0.453480E-01
  0.243567E+01  0.253894E+00  0.455117E-01
  0.243840E+01  0.201934E+00  0.445231E-01
  0.244114E+01  0.204586E+00  0.456841E-01
  0.244387E+01  0.227417E+00  0.449593E-01
  0.244660E+01  0.241434E+00  0.455973E-01
  0.244934E+01  0.270705E+00  0.452932E-01
  0.245207E+01  0.321150E+00  0.455137E-01
  0.245481E+01  0.174623E+00  0.453123E-01
  0.245754E+01  0.182219E+00  0.450331E-01
  0.246028E+01  0.263220E+00  0.452658E-01
  0.246301E+01  0.239178E+00  0.450534E-01
  0.246574E+01  0.214141E+00  0.452366E-01
  0.246848E+01  0.256749E+00  0.451934E-01
  0.247121E+01  0.268578E+00  0.453926E-01
  0.247395E+01  0.160964E+00  0.451126E-01
  0.247668E+01  0.277417E+00  0.449527E-01
  0.247941E+01  0.172404E+00  0.454216E-01
  0.248215E+01  0.189697E+00  0.448248E-01
  0.248488E+01  0.274561E+00  0.450027E-01
  0.248762E+01  0.159067E+00  0.449296E-01
  0.249035E+01  0.268263E+00  0.452586E-01
  0.249308E+01  0.207818E+00  0.447303E-01
  0.249582E+01  0.140674E+00  0.450942E-01
  0.249855E+01  0.210148E+00  0.450307E-01
  0.250129E+01  0.154023E+00  0.451025E-01
  0.250402E+01  0.208789E+00  0.451439E-01
  0.250675E+01  0.209431E+00  0.446911E-01
  0.250949E+01  0.173375E+00  0.449535E-01
  0.251222E+01  0.227231E+00  0.452634E-01
  0.251496E+01  0.286520E+00  0.453776E-01
  0.251769E+01  0.235377E+00  0.449194E-01
  0.252042E+01  0.240402E+00  0.450483E-01
  0.252316E+01  0.183572E+00  0.448235E-01
  0.252589E+01  0.188609E+00  0.447980E-01
  0.252863E+01  0.208745E+00  0.447564E-01
  0.253136E+01  0.159926E+00  0.450252E-01
  0.253409E+01  0.234506E+00  0.446614E-01
  0.253683E+01  0.245754E+00  0.452017E-01
  0.253956E+01  0.153986E+00  0.449302E-01
  0.254230E+01  0.172423E+00  0.449694E-01
  0.254503E+01  0.151409E+00  0.449856E-01
  0.254776E+01  0.234079E+00  0.448848E-01
  0.255050E+01  0.146007E+00  0.452376E-01
  0.255323E+01  0.185562E+00  0.449831E-01
  0.255597E+01  0.102441E+00  0.447292E-01
  0.255870E+01  0.214889E+00  0.448357E-01
  0.256143E+01  0.206131E+00  0.445570E-01
  0.256417E+01  0.191836E+00  0.448831E-01
  0.256690E+01  0.150328E+00  0.448952E-01
  0.256964E+01  0.195297E+00  0.449203E-01
  0.257237E+01  0.158152E+00  0.447361E-01
  0.257510E+01  0.164289E+00  0.446490E-01
  0.257784E+01  0.172849E+00  0.447682E-01
  0.258057E+01  0.178603E+00  0.450725E-01
  0.258331E+01  0.157639E+00  0.498593E-01
  0.258604E+01  0.184580E+00  0.525927E-01
  0.258878E+01  0.249703E+00  0.551689E-01
  0.259151E+01  0.135643E+00  0.566294E-01
  0.259424E+01  0.207726E+00  0.595872E-01
  0.259698E+01  0.126001E+00  0.615749E-01
  0.259971E+01  0.270729E+00  0.643636E-01
  0.260245E+01  0.150426E+00  0.669962E-01
  0.260518E+01  0.260204E+00  0.681796E-01
  0.260791E+01  0.145711E+00  0.703712E-01
  0.261065E+01  0.278381E+00  0.717734E-01
  0.261338E+01  0.236607E+00  0.739813E-01
  0.261612E+01  0.769592E-01  0.592114E-01
  0.261885E+01  0.168572E+00  0.561402E-01
  0.262158E+01  0.146131E+00  0.550594E-01
  0.262432E+01  0.219197E+00  0.542546E-01
  0.262705E+01  0.168195E+00  0.526425E-01
  0.262979E+01  0.215630E+00  0.517409E-01
  0.263252E+01  0.148127E+00  0.502739E-01
  0.263525E+01  0.260859E+00  0.501179E-01
  0.263799E+01  0.204339E+00  0.494385E-01
  0.264072E+01  0.163133E+00  0.494727E-01
  0.264346E+01  0.188214E+00  0.494855E-01
  0.264619E+01  0.259271E+00  0.493707E-01
  0.264892E+01  0.151261E+00  0.484806E-01
  0.265166E+01  0.137528E+00  0.485034E-01
  0.265439E+01  0.159574E+00  0.488536E-01
  0.265713E+01  0.260346E+00  0.488734E-01
  0.265986E+01  0.237163E+00  0.486520E-01
  0.266259E+01  0.266001E+00  0.488238E-01
  0.266533E+01  0.144759E+00  0.479372E-01
  0.266806E+01  0.180952E+00  0.484762E-01
  0.267080E+01  0.156267E+00  0.479221E-01
  0.267353E+01  0.206279E+00  0.483183E-01
  0.267626E+01  0.185661E+00  0.483847E-01
  0.267900E+01  0.248881E+00  0.484812E-01
  0.268173E+01  0.153251E+00  0.478145E-01
  0.268447E+01  0.126910E+00  0.477875E-01
  0.268720E+01  0.228078E+00  0.480613E-01
  0.268993E+01  0.200488E+00  0.482531E-01
  0.269267E+01  0.167676E+00  0.479966E-01
  0.269540E+01  0.212892E+00  0.478433E-01
  0.269814E+01  0.142911E+00  0.477471E-01
  0.270087E+01  0.169277E+00  0.471014E-01
  0.270361E+01  0.184172E+00  0.471949E-01
  0.270634E+01  0.186545E+00  0.468925E-01
  0.270907E+01  0.901112E-01  0.463789E-01
  0.271181E+01  0.199240E+00  0.466704E-01
  0.271454E+01  0.247231E+00  0.465874E-01
  0.271728E+01  0.181335E+00  0.458803E-01
  0.272001E+01  0.120247E+00  0.453618E-01
  0.272274E+01  0.183993E+00  0.455119E-01
  0.272548E+01  0.199691E+00  0.454514E-01
  0.272821E+01  0.170111E+00  0.455844E-01
  0.273095E+01  0.216459E+00  0.456872E-01
  0.273368E+01  0.159951E+00  0.458098E-01
  0.273641E+01  0.166020E+00  0.456936E-01
  0.273915E+01  0.239271E+00  0.455953E-01
  0.274188E+01  0.124679E+00  0.452597E-01
  0.274462E+01  0.197188E+00  0.453598E-01
  0.274735E+01  0.192553E+00  0.452819E-01
  0.275008E+01  0.175068E+00  0.454476E-01
  0.275282E+01  0.174512E+00  0.458330E-01
  0.275555E+01  0.151248E+00  0.453970E-01
  0.275829E+01  0.145068E+00  0.454153E-01
  0.276102E+01  0.123789E+00  0.450468E-01
  0.276375E+01  0.134159E+00  0.458064E-01
  0.276649E+01  0.147040E+00  0.455610E-01
  0.276922E+01  0.218566E+00  0.453717E-01
  0.277196E+01  0.171854E+00  0.450645E-01
  0.277469E+01  0.168418E+00  0.450105E-01
  0.277742E+01  0.236650E+00  0.455298E-01
  0.278016E+01  0.166873E+00  0.447259E-01
  0.278289E+01  0.202070E+00  0.454926E-01
  0.278563E+01  0.246044E+00  0.457633E-01
  0.278836E+01  0.207553E+00  0.454860E-01
  0.279109E+01  0.151218E+00  0.452244E-01
  0.279383E+01  0.165606E+00  0.456950E-01
  0.279656E+01  0.195822E+00  0.451554E-01
  0.279930E+01  0.132608E+00  0.454274E-01
  0.280203E+01  0.220253E+00  0.452895E-01
  0.280476E+01  0.218702E+00  0.455179E-01
  0.280750E+01  0.196792E+00  0.453864E-01
  0.281023E+01  0.159400E+00  0.455367E-01
  0.281297E+01  0.187379E+00  0.453730E-01
  0.281570E+01  0.229234E+00  0.453790E-01
  0.281843E+01  0.203362E+00  0.451897E-01
  0.282117E+01  0.248127E+00  0.451744E-01
  0.282390E+01  0.203084E+00  0.456547E-01
  0.282664E+01  0.188776E+00  0.452440E-01
  0.282937E+01  0.239833E+00  0.452046E-01
  0.283211E+01  0.143560E+00  0.451394E-01
  0.283484E+01  0.302546E+00  0.452659E-01
  0.283757E+01  0.107917E+00  0.450160E-01
  0.284031E+01  0.211112E+00  0.450013E-01
  0.284304E+01  0.139314E+00  0.449791E-01
  0.284578E+01  0.139512E+00  0.454077E-01
  0.284851E+01  0.188690E+00  0.454285E-01
  0.285124E+01  0.169592E+00  0.451363E-01
  0.285398E+01  0.116378E+00  0.448190E-01
  0.285671E+01  0.196378E+00  0.450624E-01
  0.285945E+01  0.163857E+00  0.452174E-01
  0.286218E+01  0.240569E+00  0.452486E-01
  0.286491E+01  0.220439E+00  0.453796E-01
  0.286765E+01  0.180785E+00  0.455493E-01
  0.287038E+01  0.117689E+00  0.449800E-01
  0.287312E+01  0.109543E+00  0.446924E-01
  0.287585E+01  0.149172E+00  0.448171E-01
  0.287858E+01  0.113103E+00  0.450484E-01
  0.288132E+01  0.228028E+00  0.450728E-01
  0.288405E+01  0.213449E+00  0.453229E-01
  0.288679E+01  0.171224E+00  0.447444E-01
  0.288952E+01  0.211941E+00  0.452799E-01
  0.289225E+01  0.220000E+00  0.452083E-01
  0.289499E+01  0.218708E+00  0.451152E-01
  0.289772E+01  0.182553E+00  0.444770E-01
  0.290046E+01  0.222979E+00  0.450700E-01
  0.290319E+01  0.189685E+00  0.449374E-01
  0.290592E+01  0.274710E+00  0.451413E-01
  0.290866E+01  0.163498E+00  0.451524E-01
  0.291139E+01  0.217454E+00  0.450237E-01
  0.291413E+01  0.152410E+00  0.448324E-01
  0.291686E+01  0.227590E+00  0.451339E-01
  0.291959E+01  0.146737E+00  0.447095E-01
  0.292233E+01  0.174227E+00  0.447649E-01
  0.292506E+01  0.185025E+00  0.450542E-01
  0.292780E+01  0.185760E+00  0.448742E-01
  0.293053E+01  0.156199E+00  0.447212E-01
  0.293326E+01  0.223937E+00  0.449529E-01
  0.293600E+01  0.180111E+00  0.447340E-01
  0.293873E+01  0.214821E+00  0.447792E-01
  0.294147E+01  0.104951E+00  0.445976E-01
  0.294420E+01  0.222892E+00  0.451347E-01
  0.294693E+01  0.212633E+00  0.451923E-01
  0.294967E+01  0.217645E+00  0.453196E-01
  0.295240E+01  0.172608E+00  0.446888E-01
  0.295514E+01  0.225346E+00  0.452788E-01
  0.295787E+01  0.174438E+00  0.451010E-01
  0.296061E+01  0.209122E+00  0.447825E-01
  0.296334E+01  0.191273E+00  0.447618E-01
  0.296607E+01  0.157818E+00  0.442805E-01
  0.296881E+01  0.163356E+00  0.449077E-01
  0.297154E+01  0.199197E+00  0.450167E-01
  0.297428E+01  0.200210E+00  0.449044E-01
  0.297701E+01  0.263801E+00  0.452067E-01
  0.297974E+01  0.184376E+00  0.448009E-01
  0.298248E+01  0.279672E+00  0.449842E-01
  0.298521E+01  0.226088E+00  0.448304E-01
  0.298795E+01  0.302849E+00  0.452182E-01
  0.299068E+01  0.216279E+00  0.449088E-01
  0.299341E+01  0.168263E+00  0.442058E-01
  0.299615E+01  0.174864E+00  0.448200E-01
  0.299888E+01  0.225803E+00  0.446061E-01
  0.300162E+01  0.184685E+00  0.447521E-01
  0.300435E+01  0.191743E+00  0.445780E-01
  0.300708E+01  0.137750E+00  0.443485E-01
  0.300982E+01  0.184190E+00  0.449455E-01
  0.301255E+01  0.189135E+00  0.446162E-01
  0.301529E+01  0.211248E+00  0.446798E-01
  0.301802E+01  0.224098E+00  0.443092E-01
  0.302075E+01  0.135253E+00  0.443652E-01
  0.302349E+01  0.156255E+00  0.448267E-01
  0.302622E+01  0.227268E+00  0.444606E-01
  0.302896E+01  0.129518E+00  0.443127E-01
  0.303169E+01  0.186286E+00  0.445057E-01
  0.303442E+01  0.169870E+00  0.445728E-01
  0.303716E+01  0.237818E+00  0.449760E-01
  0.303989E+01  0.127855E+00  0.443034E-01
  0.304263E+01  0.974475E-01  0.442775E-01
  0.304536E+01  0.284883E+00  0.447182E-01
  0.304809E+01  0.165235E+00  0.445933E-01
  0.305083E+01  0.192441E+00  0.447797E-01
  0.305356E+01  0.171842E+00  0.446051E-01
  0.305630E+01  0.139400E+00  0.443033E-01
  0.305903E+01  0.183986E+00  0.446695E-01
  0.306176E+01  0.177491E+00  0.447657E-01
  0.306450E+01  0.195909E+00  0.447512E-01
  0.306723E+01  0.187318E+00  0.445654E-01
  0.306997E+01  0.189054E+00  0.445053E-01
  0.307270E+01  0.111409E+00  0.441979E-01
  0.307543E+01  0.176267E+00  0.441391E-01
  0.307817E+01  0.208313E+00  0.448807E-01
  0.308090E+01  0.118164E+00  0.440537E-01
  0.308364E+01  0.297553E+00  0.443700E-01
  0.308637E+01  0.176459E+00  0.442879E-01
  0.308911E+01  0.159691E+00  0.443794E-01
  0.309184E+01  0.234085E+00  0.449862E-01
  0.309457E+01  0.163201E+00  0.440066E-01
  0.309731E+01  0.169852E+00  0.443015E-01
  0.310004E+01  0.176224E+00  0.445302E-01
  0.310278E+01  0.191366E+00  0.443486E-01
  0.310551E+01  0.188925E+00  0.443399E-01
  0.310824E+01  0.201539E+00  0.444335E-01
  0.311098E+01  0.220977E+00  0.446519E-01
  0.311371E+01  0.191465E+00  0.446388E-01
  0.311645E+01  0.215970E+00  0.444356E-01
  0.311918E+01  0.230797E+00  0.444299E-01
  0.312191E+01  0.221248E+00  0.448682E-01
  0.312465E+01  0.211520E+00  0.442780E-01
  0.312738E+01  0.109957E+00  0.441957E-01
  0.313012E+01  0.192503E+00  0.444207E-01
  0.313285E+01  0.187936E+00  0.446969E-01
  0.313558E+01  0.195303E+00  0.440769E-01
  0.313832E+01  0.205352E+00  0.445451E-01
  0.314105E+01  0.108022E+00  0.445965E-01
  0.314379E+01  0.295074E+00  0.445746E-01
  0.314652E+01  0.181347E+00  0.442754E-01
  0.314925E+01  0.159506E+00  0.441042E-01
  0.315199E+01  0.212466E+00  0.444123E-01
  0.315472E+01  0.168752E+00  0.443817E-01
  0.315746E+01  0.178523E+00  0.439472E-01
  0.316019E+01  0.147719E+00  0.440568E-01
  0.316292E+01  0.196403E+00  0.440284E-01
  0.316566E+01  0.178770E+00  0.446578E-01
  0.316839E+01  0.145494E+00  0.440746E-01
  0.317113E+01  0.213103E+00  0.440425E-01
  0.317386E+01  0.210105E+00  0.442640E-01
  0.317659E+01  0.136854E+00  0.438175E-01
  0.317933E+01  0.166836E+00  0.442259E-01
  0.318206E+01  0.231335E+00  0.440473E-01
  0.318480E+01  0.187287E+00  0.442335E-01
  0.318753E+01  0.201403E+00  0.442274E-01
  0.319026E+01  0.257027E+00  0.440590E-01
  0.319300E+01  0.220185E+00  0.442186E-01
  0.319573E+01  0.190402E+00  0.444134E-01
  0.319847E+01  0.213585E+00  0.443806E-01
  0.320120E+01  0.188517E+00  0.438403E-01
  0.320394E+01  0.126174E+00  0.446595E-01
  0.320667E+01  0.213906E+00  0.443076E-01
  0.320940E+01  0.170352E+00  0.436736E-01
  0.321214E+01  0.260803E+00  0.441821E-01
  0.321487E+01  0.191409E+00  0.438226E-01
  0.321761E+01  0.210612E+00  0.443572E-01
  0.322034E+01  0.216520E+00  0.444056E-01
  0.322307E+01  0.155649E+00  0.434613E-01
  0.322581E+01  0.252324E+00  0.443862E-01
  0.322854E+01  0.202268E+00  0.441546E-01
  0.323128E+01  0.279370E+00  0.443012E-01
  0.323401E+01  0.223443E+00  0.440329E-01
  0.323674E+01  0.197701E+00  0.442731E-01
  0.323948E+01  0.202478E+00  0.442339E-01
  0.324221E+01  0.231854E+00  0.442721E-01
  0.324495E+01  0.215025E+00  0.440071E-01
  0.324768E+01  0.210538E+00  0.443017E-01
  0.325041E+01  0.207540E+00  0.443854E-01
  0.325315E+01  0.235729E+00  0.439456E-01
  0.325588E+01  0.151978E+00  0.440141E-01
  0.325862E+01  0.187862E+00  0.440799E-01
  0.326135E+01  0.134308E+00  0.438882E-01
  0.326408E+01  0.141057E+00  0.442107E-01
  0.326682E+01  0.200439E+00  0.442192E-01
  0.326955E+01  0.236508E+00  0.440456E-01
  0.327229E+01  0.156224E+00  0.439353E-01
  0.327502E+01  0.204203E+00  0.441068E-01
  0.327775E+01  0.224394E+00  0.439563E-01
  0.328049E+01  0.250173E+00  0.443208E-01
  0.328322E+01  0.157250E+00  0.438513E-01
  0.328596E+01  0.203616E+00  0.441226E-01
  0.328869E+01  0.179246E+00  0.435755E-01
  0.329142E+01  0.148171E+00  0.439772E-01
  0.329416E+01  0.113702E+00  0.436071E-01
  0.329689E+01  0.163906E+00  0.435596E-01
  0.329963E+01  0.150921E+00  0.440404E-01
  0.330236E+01  0.238548E+00  0.441880E-01
  0.330509E+01  0.192689E+00  0.441158E-01
  0.330783E+01  0.218603E+00  0.442414E-01
  0.331056E+01  0.181731E+00  0.441312E-01
  0.331330E+01  0.265216E+00  0.442658E-01
  0.331603E+01  0.170142E+00  0.439871E-01
  0.331876E+01  0.188239E+00  0.441895E-01
  0.332150E+01  0.169011E+00  0.438550E-01
  0.332423E+01  0.140402E+00  0.440898E-01
  0.332697E+01  0.201848E+00  0.442368E-01
  0.332970E+01  0.135525E+00  0.441909E-01
  0.333244E+01  0.173492E+00  0.435436E-01
  0.333517E+01  0.182930E+00  0.439471E-01
  0.333790E+01  0.186298E+00  0.445171E-01
  0.334064E+01  0.131718E+00  0.440886E-01
  0.334337E+01  0.207373E+00  0.438473E-01
  0.334611E+01  0.177256E+00  0.438009E-01
  0.334884E+01  0.227559E+00  0.438041E-01
  0.335157E+01  0.232911E+00  0.439161E-01
  0.335431E+01  0.211360E+00  0.442100E-01
  0.335704E+01  0.220006E+00  0.439717E-01
  0.335978E+01  0.252726E+00  0.437948E-01
  0.336251E+01  0.147837E+00  0.435895E-01
  0.336524E+01  0.191978E+00  0.440694E-01
  0.336798E+01  0.182608E+00  0.437966E-01
  0.337071E+01  0.122787E+00  0.439787E-01
  0.337345E+01  0.165216E+00  0.437534E-01
  0.337618E+01  0.145606E+00  0.437497E-01
  0.337891E+01  0.176768E+00  0.435600E-01
  0.338165E+01  0.238053E+00  0.438746E-01
  0.338438E+01  0.241038E+00  0.442089E-01
  0.338712E+01  0.164549E+00  0.432213E-01
  0.338985E+01  0.179345E+00  0.435521E-01
  0.339258E+01  0.162478E+00  0.438578E-01
  0.339532E+01  0.271663E+00  0.442080E-01
  0.339805E+01  0.256891E+00  0.442391E-01
  0.340079E+01  0.157417E+00  0.440569E-01
  0.340352E+01  0.168548E+00  0.437249E-01
  0.340625E+01  0.224913E+00  0.434318E-01
  0.340899E+01  0.180519E+00  0.440199E-01
  0.341172E+01  0.215964E+00  0.440527E-01
  0.341446E+01  0.215179E+00  0.437815E-01
  0.341719E+01  0.219592E+00  0.439003E-01
  0.341992E+01  0.185501E+00  0.437570E-01
  0.342266E+01  0.227447E+00  0.438493E-01
  0.342539E+01  0.248201E+00  0.438149E-01
  0.342813E+01  0.109499E+00  0.438349E-01
  0.343086E+01  0.121867E+00  0.435798E-01
  0.343359E+01  0.127973E+00  0.434211E-01
  0.343633E+01  0.275803E+00  0.438882E-01
  0.343906E+01  0.222244E+00  0.437928E-01
  0.344180E+01  0.159561E+00  0.438125E-01
  0.344453E+01  0.225729E+00  0.435850E-01
  0.344726E+01  0.237509E+00  0.440137E-01
  0.345000E+01  0.199079E+00  0.432873E-01
  0.345273E+01  0.188721E+00  0.434901E-01
  0.345547E+01  0.184326E+00  0.440265E-01
  0.345820E+01  0.160402E+00  0.430650E-01
  0.346094E+01  0.178430E+00  0.436383E-01
  0.346367E+01  0.173962E+00  0.439020E-01
  0.346640E+01  0.176415E+00  0.436923E-01
  0.346914E+01  0.852472E-01  0.439159E-01
  0.347187E+01  0.186564E+00  0.441275E-01
  0.347461E+01  0.208813E+00  0.438070E-01
  0.347734E+01  0.162367E+00  0.435438E-01
  0.348007E+01  0.195476E+00  0.433684E-01
  0.348281E+01  0.143832E+00  0.433485E-01
  0.348554E+01  0.167911E+00  0.436786E-01
  0.348828E+01  0.196428E+00  0.436203E-01
  0.349101E+01  0.187682E+00  0.432767E-01
  0.349374E+01  0.203721E+00  0.436235E-01
  0.349648E+01  0.263226E+00  0.435740E-01
  0.349921E+01  0.265457E+00  0.436900E-01
  0.350195E+01  0.231965E+00  0.440175E-01
  0.350468E+01  0.196527E+00  0.441461E-01
  0.350741E+01  0.203232E+00  0.437450E-01
  0.351015E+01  0.139320E+00  0.433045E-01
  0.351288E+01  0.181341E+00  0.433281E-01
  0.351562E+01  0.166298E+00  0.432962E-01
  0.351835E+01  0.223881E+00  0.435434E-01
  0.352108E+01  0.249197E+00  0.440579E-01
  0.352382E+01  0.203436E+00  0.433644E-01
  0.352655E+01  0.230464E+00  0.437692E-01
  0.352929E+01  0.161557E+00  0.435801E-01
  0.353202E+01  0.209734E+00  0.437272E-01
  0.353475E+01  0.225068E+00  0.436491E-01
  0.353749E+01  0.157423E+00  0.436778E-01
  0.354022E+01  0.193319E+00  0.434632E-01
  0.354296E+01  0.202583E+00  0.436871E-01
  0.354569E+01  0.172905E+00  0.433909E-01
  0.354842E+01  0.169425E+00  0.434469E-01
  0.355116E+01  0.158504E+00  0.436430E-01
  0.355389E+01  0.225983E+00  0.439169E-01
  0.355663E+01  0.248195E+00  0.436232E-01
  0.355936E+01  0.132299E+00  0.435262E-01
  0.356209E+01  0.176669E+00  0.434590E-01
  0.356483E+01  0.132021E+00  0.434275E-01
  0.356756E+01  0.136100E+00  0.434650E-01
  0.357030E+01  0.206675E+00  0.431391E-01
  0.357303E+01  0.190457E+00  0.433788E-01
  0.357577E+01  0.160093E+00  0.431264E-01
  0.357850E+01  0.115142E+00  0.430953E-01
  0.358123E+01  0.263090E+00  0.440208E-01
  0.358397E+01  0.202497E+00  0.438725E-01
  0.358670E+01  0.184957E+00  0.432622E-01
  0.358944E+01  0.153554E+00  0.431273E-01
  0.359217E+01  0.202831E+00  0.434630E-01
  0.359490E+01  0.203356E+00  0.433314E-01
  0.359764E+01  0.121459E+00  0.434141E-01
  0.360037E+01  0.147689E+00  0.433043E-01
  0.360311E+01  0.159475E+00  0.431234E-01
  0.360584E+01  0.211354E+00  0.433267E-01
  0.360857E+01  0.259969E+00  0.433138E-01
  0.361131E+01  0.128523E+00  0.434563E-01
  0.361404E+01  0.207565E+00  0.430712E-01
  0.361678E+01  0.179147E+00  0.434172E-01
  0.361951E+01  0.254079E+00  0.437009E-01
  0.362224E+01  0.158288E+00  0.433115E-01
  0.362498E+01  0.179061E+00  0.435267E-01
  0.362771E+01  0.140661E+00  0.433720E-01
  0.363045E+01  0.173616E+00  0.433058E-01
  0.363318E+01  0.131959E+00  0.433375E-01
  0.363591E+01  0.251737E+00  0.431233E-01
  0.363865E+01  0.181848E+00  0.435454E-01
  0.364138E+01  0.241347E+00  0.438641E-01
  0.364412E+01  0.197738E+00  0.436151E-01
  0.364685E+01  0.215865E+00  0.439088E-01
  0.364958E+01  0.203356E+00  0.434950E-01
  0.365232E+01  0.200173E+00  0.434154E-01
  0.365505E+01  0.208677E+00  0.432637E-01
  0.365779E+01  0.194858E+00  0.434735E-01
  0.366052E+01  0.186329E+00  0.430963E-01
  0.366325E+01  0.242602E+00  0.435863E-01
  0.366599E+01  0.165037E+00  0.438692E-01
  0.366872E+01  0.179586E+00  0.432971E-01
  0.367146E+01  0.989370E-01  0.430306E-01
  0.367419E+01  0.108999E+00  0.429888E-01
  0.367692E+01  0.234642E+00  0.437325E-01
  0.367966E+01  0.126632E+00  0.430323E-01
  0.368239E+01  0.145785E+00  0.430327E-01
  0.368513E+01  0.124660E+00  0.429507E-01
  0.368786E+01  0.219376E+00  0.433567E-01
  0.369059E+01  0.164796E+00  0.434555E-01
  0.369333E+01  0.168622E+00  0.433544E-01
  0.369606E+01  0.256502E+00  0.438258E-01
  0.369880E+01  0.152775E+00  0.433576E-01
  0.370153E+01  0.126354E+00  0.427982E-01
  0.370427E+01  0.206143E+00  0.431346E-01
  0.370700E+01  0.163381E+00  0.431725E-01
  0.370973E+01  0.176557E+00  0.433902E-01
  0.371247E+01  0.175532E+00  0.431938E-01
  0.371520E+01  0.200229E+00  0.431081E-01
  0.371794E+01  0.224648E+00  0.434234E-01
  0.372067E+01  0.123578E+00  0.433040E-01
  0.372340E+01  0.180983E+00  0.435751E-01
  0.372614E+01  0.919345E-01  0.435527E-01
  0.372887E+01  0.187707E+00  0.440420E-01
  0.373161E+01  0.155346E+00  0.433374E-01
  0.373434E+01  0.117695E+00  0.429749E-01
  0.373707E+01  0.130612E+00  0.433025E-01
  0.373981E+01  0.159203E+00  0.435302E-01
  0.374254E+01  0.124864E+00  0.434462E-01
  0.374528E+01  0.227417E+00  0.433290E-01
  0.374801E+01  0.197571E+00  0.431857E-01
  0.375074E+01  0.128782E+00  0.432366E-01
  0.375348E+01  0.184790E+00  0.430789E-01
  0.375621E+01  0.163795E+00  0.431508E-01
  0.375895E+01  0.211780E+00  0.435613E-01
  0.376168E+01  0.225655E+00  0.438696E-01
  0.376441E+01  0.173337E+00  0.432683E-01
  0.376715E+01  0.142559E+00  0.435917E-01
  0.376988E+01  0.170921E+00  0.433845E-01
  0.377262E+01  0.269487E+00  0.432437E-01
  0.377535E+01  0.972250E-01  0.430002E-01
  0.377808E+01  0.173640E+00  0.434231E-01
  0.378082E+01  0.196749E+00  0.431646E-01
  0.378355E+01  0.179005E+00  0.436347E-01
  0.378629E+01  0.204431E+00  0.434323E-01
  0.378902E+01  0.174543E+00  0.433083E-01
  0.379175E+01  0.161205E+00  0.430805E-01
  0.379449E+01  0.246947E+00  0.434599E-01
  0.379722E+01  0.159833E+00  0.430252E-01
  0.379996E+01  0.272689E+00  0.437598E-01
  0.380269E+01  0.179802E+00  0.432462E-01
  0.380542E+01  0.150698E+00  0.430837E-01
  0.380816E+01  0.211755E+00  0.436408E-01
  0.381089E+01  0.198925E+00  0.436665E-01
  0.381363E+01  0.219957E+00  0.433217E-01
  0.381636E+01  0.119827E+00  0.431781E-01
  0.381909E+01  0.170705E+00  0.424620E-01
  0.382183E+01  0.221211E+00  0.436701E-01
  0.382456E+01  0.226545E+00  0.433932E-01
  0.382730E+01  0.227256E+00  0.432252E-01
  0.383003E+01  0.187447E+00  0.429732E-01
  0.383277E+01  0.230680E+00  0.432461E-01
  0.383550E+01  0.243127E+00  0.435781E-01
  0.383823E+01  0.153523E+00  0.430128E-01
  0.384097E+01  0.131205E+00  0.430007E-01
  0.384370E+01  0.242472E+00  0.433569E-01
  0.384644E+01  0.153523E+00  0.428974E-01
  0.384917E+01  0.140970E+00  0.433704E-01
  0.385190E+01  0.246094E+00  0.432153E-01
  0.385464E+01  0.161508E+00  0.431112E-01
  0.385737E+01  0.153430E+00  0.430119E-01
  0.386011E+01  0.143424E+00  0.432626E-01
  0.386284E+01  0.140538E+00  0.428549E-01
  0.386557E+01  0.100859E+00  0.430441E-01
  0.386831E+01  0.155241E+00  0.429337E-01
  0.387104E+01  0.193745E+00  0.433739E-01
  0.387378E+01  0.924784E-01  0.429096E-01
  0.387651E+01  0.185766E+00  0.434323E-01
  0.387924E+01  0.200575E+00  0.429608E-01
  0.388198E+01  0.234685E+00  0.437752E-01
  0.388471E+01  0.148888E+00  0.431719E-01
  0.388745E+01  0.111211E+00  0.429637E-01
  0.389018E+01  0.204493E+00  0.433344E-01
  0.389291E+01  0.175124E+00  0.432782E-01
  0.389565E+01  0.124215E+00  0.433611E-01
  0.389838E+01  0.222417E+00  0.429053E-01
  0.390112E+01  0.148171E+00  0.430655E-01
  0.390385E+01  0.196409E+00  0.427099E-01
  0.390658E+01  0.189487E+00  0.429286E-01
  0.390932E+01  0.157287E+00  0.432492E-01
  0.391205E+01  0.150464E+00  0.430798E-01
  0.391479E+01  0.163096E+00  0.433374E-01
  0.391752E+01  0.146372E+00  0.432430E-01
  0.392025E+01  0.129981E+00  0.430154E-01
  0.392299E+01  0.206527E+00  0.431096E-01
  0.392572E+01  0.172701E+00  0.430308E-01
  0.392846E+01  0.126687E+00  0.427360E-01
  0.393119E+01  0.184197E+00  0.426678E-01
  0.393392E+01  0.170278E+00  0.425772E-01
  0.393666E+01  0.880902E-01  0.497440E-01
  0.393939E+01  0.169302E+00  0.528335E-01
  0.394213E+01  0.220111E+00  0.551190E-01
  0.394486E+01  0.166440E+00  0.595269E-01
  0.394759E+01  0.126768E+00  0.629003E-01
  0.395033E+01  0.252386E+00  0.662697E-01
  0.395306E+01  0.152998E+00  0.686952E-01
  0.395580E+01  0.366063E+00  0.713444E-01
  0.395853E+01  0.202101E+00  0.748410E-01
  0.396127E+01  0.611372E-01  0.770186E-01
  0.396400E+01  0.219611E+00  0.575902E-01
  0.396673E+01  0.185723E+00  0.541184E-01
  0.396947E+01  0.113826E+00  0.516730E-01
  0.397220E+01  0.153820E+00  0.508779E-01
  0.397494E+01  0.131038E+00  0.489012E-01
  0.397767E+01  0.190235E+00  0.485733E-01
  0.398040E+01  0.154493E+00  0.481424E-01
  0.398314E+01  0.191959E+00  0.477366E-01
  0.398587E+01  0.118591E+00  0.478192E-01
  0.398861E+01  0.128999E+00  0.475605E-01
  0.399134E+01  0.214017E+00  0.475811E-01
  0.399407E+01  0.132373E+00  0.469384E-01
  0.399681E+01  0.182083E+00  0.469527E-01
  0.399954E+01  0.203931E+00  0.476454E-01
  0.400228E+01  0.178739E+00  0.471156E-01
  0.400501E+01  0.852719E-01  0.464407E-01
  0.400774E+01  0.145525E+00  0.463507E-01
  0.401048E+01  0.212713E+00  0.461122E-01
  0.401321E+01  0.117132E+00  0.454088E-01
  0.401595E+01  0.215766E+00  0.451859E-01
  0.401868E+01  0.194277E+00  0.450122E-01
  0.402141E+01  0.141551E+00  0.443565E-01
  0.402415E+01  0.176150E+00  0.443575E-01
  0.402688E+01  0.234067E+00  0.442721E-01
  0.402962E+01  0.196248E+00  0.437124E-01
  0.403235E+01  0.157559E+00  0.433114E-01
  0.403508E+01  0.130847E+00  0.435871E-01
  0.403782E+01  0.121557E+00  0.429813E-01
  0.404055E+01  0.158103E+00  0.433925E-01
  0.404329E+01  0.203702E+00  0.432954E-01
  0.404602E+01  0.145043E+00  0.431188E-01
  0.404875E+01  0.166706E+00  0.432551E-01
  0.405149E+01  0.191354E+00  0.431930E-01
  0.405422E+01  0.171873E+00  0.433691E-01
  0.405696E+01  0.165995E+00  0.431364E-01
  0.405969E+01  0.150909E+00  0.427413E-01
  0.406242E+01  0.160501E+00  0.432815E-01
  0.406516E+01  0.166286E+00  0.426413E-01
  0.406789E+01  0.160643E+00  0.428401E-01
  0.407063E+01  0.161335E+00  0.427128E-01
  0.407336E+01  0.174178E+00  0.431857E-01
  0.407610E+01  0.174048E+00  0.432526E-01
  0.407883E+01  0.193622E+00  0.433260E-01
  0.408156E+01  0.136174E+00  0.432744E-01
  0.408430E+01  0.136310E+00  0.430429E-01
  0.408703E+01  0.214536E+00  0.433318E-01
  0.408977E+01  0.142880E+00  0.433712E-01
  0.409250E+01  0.144833E+00  0.433027E-01
  0.409523E+01  0.129895E+00  0.431541E-01
  0.409797E+01  0.139722E+00  0.428884E-01
  0.410070E+01  0.132515E+00  0.429822E-01
  0.410344E+01  0.119543E+00  0.431893E-01
  0.410617E+01  0.111044E+00  0.428232E-01
  0.410890E+01  0.834549E-01  0.425997E-01
  0.411164E+01  0.121527E+00  0.426878E-01
  0.411437E+01  0.204135E+00  0.434703E-01
  0.411711E+01  0.229815E+00  0.432825E-01
  0.411984E+01  0.105705E+00  0.427339E-01
  0.412257E+01  0.984363E-01  0.425078E-01
  0.412531E+01  0.958220E-01  0.424707E-01
  0.412804E+01  0.117818E+00  0.425045E-01
  0.413078E+01  0.190822E+00  0.426467E-01
  0.413351E+01  0.169821E+00  0.428033E-01
  0.413624E+01  0.114110E+00  0.424625E-01
  0.413898E+01  0.474042E-01  0.428429E-01
  0.414171E+01  0.924104E-01  0.426400E-01
  0.414445E+01  0.207738E+00  0.431648E-01
  0.414718E+01  0.154357E+00  0.428597E-01
  0.414991E+01  0.116724E+00  0.429356E-01
  0.415265E+01  0.117095E+00  0.425260E-01
  0.415538E+01  0.127324E+00  0.427912E-01
  0.415812E+01  0.105729E+00  0.428813E-01
  0.416085E+01  0.184740E+00  0.427927E-01
  0.416358E+01  0.100315E+00  0.426567E-01
  0.416632E+01  0.170667E+00  0.428794E-01
  0.416905E+01  0.107577E+00  0.427070E-01
  0.417179E+01  0.130012E+00  0.429088E-01
  0.417452E+01  0.119833E+00  0.427629E-01
  0.417725E+01  0.114314E+00  0.428151E-01
  0.417999E+01  0.156829E+00  0.428020E-01
  0.418272E+01  0.105902E+00  0.425763E-01
  0.418546E+01  0.137689E+00  0.428250E-01
  0.418819E+01  0.718109E-01  0.426907E-01
  0.419092E+01  0.147311E+00  0.426175E-01
  0.419366E+01  0.100130E+00  0.425354E-01
  0.419639E+01  0.858962E-01  0.428339E-01
  0.419913E+01  0.172534E+00  0.429843E-01
  0.420186E+01  0.135260E+00  0.427086E-01
  0.420460E+01  0.105525E+00  0.426073E-01
  0.420733E+01  0.108461E+00  0.425246E-01
  0.421006E+01  0.128529E+00  0.423960E-01
  0.421280E+01  0.202905E+00  0.428153E-01
  0.421553E+01  0.144778E+00  0.427962E-01
  0.421827E+01  0.129203E+00  0.424193E-01
  0.422100E+01  0.131650E+00  0.428111E-01
  0.422373E+01  0.160303E+00  0.428026E-01
  0.422647E+01  0.105488E+00  0.424238E-01
  0.422920E+01  0.196656E+00  0.430707E-01
  0.423194E+01  0.193918E+00  0.424715E-01
  0.423467E+01  0.171514E+00  0.425702E-01
  0.423740E+01  0.148121E+00  0.424237E-01
  0.424014E+01  0.206236E+00  0.426136E-01
  0.424287E+01  0.991718E-01  0.422640E-01
  0.424561E+01  0.833251E-01  0.423795E-01
  0.424834E+01  0.147219E+00  0.427077E-01
  0.425107E+01  0.200111E+00  0.424506E-01
  0.425381E+01  0.159703E+00  0.424602E-01
  0.425654E+01  0.947775E-01  0.426019E-01
  0.425928E+01  0.157379E+00  0.431240E-01
  0.426201E+01  0.914586E-01  0.422300E-01
  0.426474E+01  0.115519E+00  0.424393E-01
  0.426748E+01  0.768789E-01  0.424164E-01
  0.427021E+01  0.201514E+00  0.429278E-01
  0.427295E+01  0.569592E-01  0.421635E-01
  0.427568E+01  0.132281E+00  0.423501E-01
  0.427841E+01  0.112726E+00  0.425906E-01
  0.428115E+01  0.165624E+00  0.424650E-01
  0.428388E+01  0.601916E-01  0.419040E-01
  0.428662E+01  0.101941E+00  0.421632E-01
  0.428935E+01  0.115939E+00  0.421801E-01
  0.429208E+01  0.132608E+00  0.421744E-01
  0.429482E+01  0.133665E+00  0.421052E-01
  0.429755E+01  0.127639E+00  0.420330E-01
  0.430029E+01  0.126823E+00  0.422960E-01
  0.430302E+01  0.134549E+00  0.423051E-01
  0.430575E+01  0.193461E+00  0.418461E-01
  0.430849E+01  0.158789E+00  0.424333E-01
  0.431122E+01  0.874042E-01  0.418486E-01
  0.431396E+01  0.135970E+00  0.423172E-01
  0.431669E+01  0.131038E+00  0.423257E-01
  0.431942E+01  0.165513E+00  0.421710E-01
  0.432216E+01  0.860507E-01  0.422254E-01
  0.432489E+01  0.164104E+00  0.423510E-01
  0.432763E+01  0.113412E+00  0.423358E-01
  0.433036E+01  0.140532E+00  0.417177E-01
  0.433310E+01  0.119036E+00  0.422137E-01
  0.433583E+01  0.875587E-01  0.422059E-01
  0.433856E+01  0.154203E+00  0.417537E-01
  0.434130E+01  0.130383E+00  0.419877E-01
  0.434403E+01  0.107083E+00  0.421803E-01
  0.434677E+01  0.209172E+00  0.422879E-01
  0.434950E+01  0.152781E+00  0.421874E-01
  0.435223E+01  0.113016E+00  0.419749E-01
  0.435497E+01  0.140890E+00  0.417833E-01
  0.435770E+01  0.726329E-01  0.418753E-01
  0.436044E+01  0.130290E+00  0.420910E-01
  0.436317E+01  0.133535E+00  0.422569E-01
  0.436590E+01  0.569098E-01  0.417927E-01
  0.436864E+01  0.115841E+00  0.419316E-01
  0.437137E+01  0.133918E+00  0.419334E-01
  0.437411E+01  0.145161E+00  0.422657E-01
  0.437684E+01  0.942336E-01  0.418950E-01
  0.437957E+01  0.174017E+00  0.423048E-01
  0.438231E+01  0.945179E-01  0.424197E-01
  0.438504E+01  0.127614E+00  0.423266E-01
  0.438778E+01  0.126595E+00  0.419941E-01
  0.439051E+01  0.135247E+00  0.415392E-01
  0.439324E+01  0.146088E+00  0.419425E-01
  0.439598E+01  0.107342E+00  0.417403E-01
  0.439871E+01  0.157775E+00  0.415387E-01
  0.440145E+01  0.136391E+00  0.419250E-01
  0.440418E+01  0.116625E+00  0.417105E-01
  0.440691E+01  0.109784E+00  0.420645E-01
  0.440965E+01  0.171032E+00  0.420009E-01
  0.441238E+01  0.105241E+00  0.419385E-01
  0.441512E+01  0.884981E-01  0.419525E-01
  0.441785E+01  0.132182E+00  0.418368E-01
  0.442058E+01  0.102169E+00  0.416680E-01
  0.442332E+01  0.163634E+00  0.420924E-01
  0.442605E+01  0.135847E+00  0.419452E-01
  0.442879E+01  0.100198E+00  0.416286E-01
  0.443152E+01  0.198826E+00  0.416765E-01
  0.443425E+01  0.139073E+00  0.417236E-01
  0.443699E+01  0.144147E+00  0.417782E-01
  0.443972E+01  0.937701E-01  0.415586E-01
  0.444246E+01  0.979852E-01  0.420148E-01
  0.444519E+01  0.117021E+00  0.419124E-01
  0.444792E+01  0.158010E+00  0.412265E-01
  0.445066E+01  0.164586E+00  0.423852E-01
  0.445339E+01  0.678986E-01  0.418812E-01
  0.445613E+01  0.862732E-01  0.414595E-01
  0.445886E+01  0.166415E+00  0.416196E-01
  0.446160E+01  0.122831E+00  0.417585E-01
  0.446433E+01  0.930470E-01  0.416387E-01
  0.446706E+01  0.998208E-01  0.417516E-01
  0.446980E+01  0.141638E+00  0.415167E-01
  0.447253E+01  0.167756E+00  0.417817E-01
  0.447527E+01  0.109975E+00  0.413160E-01
  0.447800E+01  0.146656E+00  0.416326E-01
  0.448073E+01  0.127120E+00  0.414699E-01
  0.448347E+01  0.109635E+00  0.415743E-01
  0.448620E+01  0.148412E+00  0.418987E-01
  0.448894E+01  0.154277E+00  0.414870E-01
  0.449167E+01  0.117472E+00  0.416323E-01
  0.449440E+01  0.118782E+00  0.417643E-01
  0.449714E+01  0.176811E+00  0.418145E-01
  0.449987E+01  0.164265E+00  0.417709E-01
  0.450261E+01  0.927379E-01  0.414118E-01
  0.450534E+01  0.189586E+00  0.414107E-01
  0.450807E+01  0.572373E-01  0.415957E-01
  0.451081E+01  0.220216E+00  0.421946E-01
  0.451354E+01  0.193405E+00  0.422515E-01
  0.451628E+01  0.150074E+00  0.415134E-01
  0.451901E+01  0.119438E+00  0.413461E-01
  0.452174E+01  0.106168E+00  0.416159E-01
  0.452448E+01  0.837392E-01  0.413261E-01
  0.452721E+01  0.993820E-01  0.418011E-01
  0.452995E+01  0.153350E+00  0.417789E-01
  0.453268E+01  0.794747E-01  0.413033E-01
  0.453541E+01  0.735290E-01  0.415329E-01
  0.453815E+01  0.150921E+00  0.415310E-01
  0.454088E+01  0.907417E-01  0.416263E-01
  0.454362E+01  0.121075E+00  0.413676E-01
  0.454635E+01  0.153881E+00  0.420321E-01
  0.454908E+01  0.121403E+00  0.414765E-01
  0.455182E+01  0.497775E-01  0.414367E-01
  0.455455E+01  0.938690E-01  0.412523E-01
  0.455729E+01  0.110995E+00  0.417537E-01
  0.456002E+01  0.555933E-01  0.414171E-01
  0.456275E+01  0.147225E+00  0.417802E-01
  0.456549E+01  0.130204E+00  0.416978E-01
  0.456822E+01  0.894252E-01  0.413549E-01
  0.457096E+01  0.572991E-01  0.414457E-01
  0.457369E+01  0.752781E-01  0.413926E-01
  0.457643E+01  0.152590E+00  0.415588E-01
  0.457916E+01  0.110000E+00  0.414284E-01
  0.458189E+01  0.129555E+00  0.415869E-01
  0.458463E+01  0.113294E+00  0.414931E-01
  0.458736E+01  0.103937E+00  0.413642E-01
  0.459010E+01  0.123072E+00  0.416664E-01
  0.459283E+01  0.174468E+00  0.418030E-01
  0.459556E+01  0.664895E-01  0.413250E-01
  0.459830E+01  0.167386E+00  0.419690E-01
  0.460103E+01  0.996972E-01  0.414189E-01
  0.460377E+01  0.132318E+00  0.420086E-01
  0.460650E+01  0.118251E+00  0.416818E-01
  0.460923E+01  0.979975E-01  0.416215E-01
  0.461197E+01  0.128690E+00  0.416724E-01
  0.461470E+01  0.969407E-01  0.414190E-01
  0.461744E+01  0.106916E+00  0.416119E-01
  0.462017E+01  0.141409E+00  0.417800E-01
  0.462290E+01  0.169116E+00  0.417101E-01
  0.462564E+01  0.130173E+00  0.415032E-01
  0.462837E+01  0.133572E+00  0.418912E-01
  0.463111E+01  0.992336E-01  0.416638E-01
  0.463384E+01  0.987639E-01  0.419752E-01
  0.463657E+01  0.103931E+00  0.414601E-01
  0.463931E+01  0.193226E+00  0.413201E-01
  0.464204E+01  0.135717E+00  0.411694E-01
  0.464478E+01  0.858776E-01  0.411728E-01
  0.464751E+01  0.118585E+00  0.414194E-01
  0.465024E+01  0.655501E-01  0.411778E-01
  0.465298E+01  0.683189E-01  0.409159E-01
  0.465571E+01  0.557231E-01  0.414222E-01
  0.465845E+01  0.166335E+00  0.414743E-01
  0.466118E+01  0.105161E+00  0.412696E-01
  0.466391E+01  0.790049E-01  0.410186E-01
  0.466665E+01  0.115229E+00  0.406998E-01
  0.466938E+01  0.168405E+00  0.410599E-01
  0.467212E+01  0.977874E-01  0.409325E-01
  0.467485E+01  0.160161E+00  0.409034E-01
  0.467758E+01  0.118634E+00  0.411748E-01
  0.468032E+01  0.120142E+00  0.411084E-01
  0.468305E+01  0.201663E+00  0.413090E-01
  0.468579E+01  0.116941E+00  0.410984E-01
  0.468852E+01  0.161928E+00  0.412287E-01
  0.469125E+01  0.178171E+00  0.409964E-01
  0.469399E+01  0.124870E+00  0.413688E-01
  0.469672E+01  0.958035E-01  0.416002E-01
  0.469946E+01  0.105513E+00  0.410449E-01
  0.470219E+01  0.502101E-01  0.412022E-01
  0.470493E+01  0.118758E+00  0.411955E-01
  0.470766E+01  0.145735E+00  0.417973E-01
  0.471039E+01  0.113041E+00  0.411075E-01
  0.471313E+01  0.976514E-01  0.414914E-01
  0.471586E+01  0.127886E+00  0.413955E-01
  0.471860E+01  0.119654E+00  0.416246E-01
  0.472133E+01  0.661805E-01  0.414278E-01
  0.472406E+01  0.170624E+00  0.415317E-01
  0.472680E+01  0.579666E-01  0.412074E-01
  0.472953E+01  0.799258E-01  0.417843E-01
  0.473227E+01  0.825587E-01  0.415448E-01
  0.473500E+01  0.124085E+00  0.413854E-01
  0.473773E+01  0.824104E-01  0.409644E-01
  0.474047E+01  0.101193E+00  0.413812E-01
  0.474320E+01  0.824784E-01  0.416604E-01
  0.474594E+01  0.917923E-01  0.415372E-01
  0.474867E+01  0.661496E-01  0.408328E-01
  0.475140E+01  0.145062E+00  0.413222E-01
  0.475414E+01  0.642213E-01  0.410133E-01
  0.475687E+01  0.113078E+00  0.415826E-01
  0.475961E+01  0.932633E-01  0.417788E-01
  0.476234E+01  0.162676E+00  0.416890E-01
  0.476507E+01  0.984981E-01  0.413736E-01
  0.476781E+01  0.144258E+00  0.414048E-01
  0.477054E+01  0.705377E-01  0.416745E-01
  0.477328E+01  0.112546E+00  0.412968E-01
  0.477601E+01  0.102979E+00  0.416135E-01
  0.477874E+01  0.522682E-01  0.410589E-01
  0.478148E+01  0.121242E+00  0.415082E-01
  0.478421E+01  0.112503E+00  0.415348E-01
  0.478695E+01  0.158399E+00  0.413050E-01
  0.478968E+01  0.101323E+00  0.417642E-01
  0.479241E+01  0.103869E+00  0.414206E-01
  0.479515E+01  0.106459E+00  0.411922E-01
  0.479788E+01  0.114938E+00  0.413893E-01
  0.480062E+01  0.116601E+00  0.411733E-01
  0.480335E+01  0.115630E+00  0.414829E-01
  0.480608E+01  0.940235E-01  0.413154E-01
  0.480882E+01  0.117837E+00  0.412976E-01
  0.481155E+01  0.678492E-01  0.412010E-01
  0.481429E+01  0.970519E-01  0.412581E-01
  0.481702E+01  0.105519E+00  0.412627E-01
  0.481975E+01  0.848764E-01  0.414229E-01
  0.482249E+01  0.103591E+00  0.413215E-01
  0.482522E+01  0.131712E+00  0.414592E-01
  0.482796E+01  0.507108E-01  0.417747E-01
  0.483069E+01  0.891780E-01  0.411949E-01
  0.483343E+01  0.144951E+00  0.413127E-01
  0.483616E+01  0.135198E+00  0.412371E-01
  0.483889E+01  0.814524E-01  0.414755E-01
  0.484163E+01  0.129710E+00  0.419570E-01
  0.484436E+01  0.158430E+00  0.410251E-01
  0.484710E+01  0.139005E+00  0.412547E-01
  0.484983E+01  0.581459E-01  0.414032E-01
  0.485256E+01  0.565328E-01  0.406525E-01
  0.485530E+01  0.933993E-01  0.411671E-01
  0.485803E+01  0.968109E-01  0.412131E-01
  0.486077E+01  0.147750E+00  0.411598E-01
  0.486350E+01  0.104333E+00  0.413959E-01
  0.486623E+01  0.982633E-01  0.414045E-01
  0.486897E+01  0.124778E+00  0.413160E-01
  0.487170E+01  0.946477E-01  0.412785E-01
  0.487444E+01  0.104845E+00  0.410862E-01
  0.487717E+01  0.749073E-01  0.407228E-01
  0.487990E+01  0.108127E+00  0.411051E-01
  0.488264E+01  0.130766E+00  0.417020E-01
  0.488537E+01  0.129190E+00  0.412733E-01
  0.488811E+01  0.798331E-01  0.416291E-01
  0.489084E+01  0.120525E+00  0.413057E-01
  0.489357E+01  0.110402E+00  0.412394E-01
  0.489631E+01  0.761248E-01  0.411427E-01
  0.489904E+01  0.159679E+00  0.414186E-01
  0.490178E+01  0.780346E-01  0.412921E-01
  0.490451E+01  0.811063E-01  0.409184E-01
  0.490724E+01  0.107726E+00  0.413429E-01
  0.490998E+01  0.806057E-01  0.410853E-01
  0.491271E+01  0.766687E-01  0.411585E-01
  0.491545E+01  0.420210E-01  0.410965E-01
  0.491818E+01  0.107447E+00  0.412906E-01
  0.492091E+01  0.377070E-01  0.410357E-01
  0.492365E+01  0.682324E-01  0.412057E-01
  0.492638E+01  0.759456E-01  0.410014E-01
  0.492912E+01  0.138993E+00  0.413931E-01
  0.493185E+01  0.553028E-01  0.408878E-01
  0.493458E+01  0.118350E+00  0.411261E-01
  0.493732E+01  0.857108E-01  0.411596E-01
  0.494005E+01  0.103362E+00  0.414343E-01
  0.494279E+01  0.119604E+00  0.412820E-01
  0.494552E+01 -0.200989E-01  0.409374E-01
  0.494825E+01  0.125074E+00  0.413435E-01
  0.495099E+01  0.655315E-01  0.410218E-01
  0.495372E+01  0.154975E+00  0.413244E-01
  0.495646E+01  0.156143E+00  0.412558E-01
  0.495919E+01  0.795921E-01  0.410459E-01
  0.496193E+01  0.123529E+00  0.414726E-01
  0.496466E+01  0.827750E-01  0.409740E-01
  0.496739E+01  0.104475E+00  0.412446E-01
  0.497013E+01  0.717367E-01  0.411845E-01
  0.497286E+01  0.107268E+00  0.412150E-01
  0.497560E+01  0.135297E+00  0.410410E-01
  0.497833E+01  0.111941E+00  0.412458E-01
  0.498106E+01  0.654388E-01  0.411085E-01
  0.498380E+01  0.152231E+00  0.413955E-01
  0.498653E+01  0.664710E-01  0.412476E-01
  0.498927E+01  0.158671E+00  0.411528E-01
  0.499200E+01  0.129852E+00  0.414091E-01
  0.499473E+01  0.897528E-01  0.411486E-01
  0.499747E+01  0.984363E-01  0.411158E-01
  0.500020E+01  0.761557E-01  0.406829E-01
  0.500294E+01  0.150247E+00  0.416007E-01
  0.500567E+01  0.114271E+00  0.413426E-01
  0.500840E+01  0.100766E+00  0.413782E-01
  0.501114E+01  0.985229E-01  0.413097E-01
  0.501387E+01  0.701854E-01  0.412708E-01
  0.501661E+01  0.889988E-01  0.411048E-01
  0.501934E+01  0.167880E+00  0.413497E-01
  0.502207E+01  0.107800E+00  0.413039E-01
  0.502481E+01  0.168344E+00  0.412216E-01
  0.502754E+01  0.144567E+00  0.413947E-01
  0.503028E+01  0.118424E+00  0.411725E-01
  0.503301E+01  0.754635E-01  0.412646E-01
  0.503574E+01  0.781706E-01  0.410165E-01
  0.503848E+01  0.106180E+00  0.408804E-01
  0.504121E+01  0.155173E+00  0.414475E-01
  0.504395E+01  0.779048E-01  0.411329E-01
  0.504668E+01  0.108888E+00  0.408699E-01
  0.504941E+01  0.137565E+00  0.414286E-01
  0.505215E+01  0.155470E+00  0.419535E-01
  0.505488E+01  0.159827E-01  0.409090E-01
  0.505762E+01  0.141044E+00  0.414367E-01
  0.506035E+01  0.871446E-01  0.410690E-01
  0.506308E+01  0.936527E-01  0.409900E-01
  0.506582E+01  0.119530E+00  0.415014E-01
  0.506855E+01  0.506242E-01  0.411040E-01
  0.507129E+01  0.125532E+00  0.414256E-01
  0.507402E+01  0.124265E+00  0.414122E-01
  0.507676E+01  0.141366E+00  0.416026E-01
  0.507949E+01  0.379913E-01  0.413915E-01
  0.508222E+01  0.651360E-01  0.409977E-01
  0.508496E+01  0.930037E-01  0.412277E-01
  0.508769E+01  0.125062E+00  0.411697E-01
  0.509043E+01  0.177151E+00  0.414453E-01
  0.509316E+01  0.872559E-01  0.408982E-01
  0.509589E+01  0.736650E-01  0.411910E-01
  0.509863E+01  0.164617E+00  0.409659E-01
  0.510136E+01  0.617367E-01  0.415950E-01
  0.510410E+01  0.150222E+00  0.413349E-01
  0.510683E+01  0.783807E-01  0.413710E-01
  0.510956E+01  0.990111E-01  0.413106E-01
  0.511230E+01  0.104512E+00  0.415631E-01
  0.511503E+01  0.929295E-01  0.412046E-01
  0.511777E+01  0.465204E-01  0.411532E-01
  0.512050E+01  0.171527E+00  0.415388E-01
  0.512323E+01  0.902287E-01  0.410679E-01
  0.512597E+01  0.608467E-01  0.412456E-01
  0.512870E+01  0.122491E+00  0.411835E-01
  0.513144E+01  0.140210E+00  0.412811E-01
  0.513417E+01  0.155303E+00  0.413775E-01
  0.513690E+01  0.589740E-01  0.411558E-01
  0.513964E+01  0.867491E-01  0.416301E-01
  0.514237E+01  0.217985E-01  0.407521E-01
  0.514511E+01  0.105148E+00  0.410971E-01
  0.514784E+01  0.776823E-01  0.414300E-01
  0.515057E+01  0.802967E-01  0.412664E-01
  0.515331E+01  0.129808E+00  0.415265E-01
  0.515604E+01  0.765946E-01  0.415689E-01
  0.515878E+01  0.572311E-01  0.410281E-01
  0.516151E+01  0.838690E-01  0.416582E-01
  0.516424E+01  0.100464E+00  0.409906E-01
  0.516698E+01  0.902472E-01  0.416359E-01
  0.516971E+01  0.930470E-01  0.414816E-01
  0.517245E+01  0.735785E-01  0.416904E-01
  0.517518E+01  0.108857E+00  0.415437E-01
  0.517791E+01  0.112070E+00  0.412525E-01
  0.518065E+01  0.138708E+00  0.415381E-01
  0.518338E+01  0.823300E-01  0.411926E-01
  0.518612E+01  0.684116E-01  0.413067E-01
  0.518885E+01  0.144240E+00  0.417053E-01
  0.519158E+01  0.109048E+00  0.411646E-01
  0.519432E+01  0.705377E-01  0.416775E-01
  0.519705E+01  0.166298E+00  0.422287E-01
  0.519979E+01  0.944129E-01  0.413887E-01
  0.520252E+01  0.105488E+00  0.413397E-01
  0.520526E+01  0.116805E+00  0.413317E-01
  0.520799E+01  0.870519E-01  0.411349E-01
  0.521072E+01  0.117528E+00  0.415538E-01
  0.521346E+01  0.104475E+00  0.417421E-01
  0.521619E+01  0.732138E-01  0.413193E-01
  0.521893E+01  0.146656E+00  0.415082E-01
  0.522166E+01  0.128028E+00  0.413295E-01
  0.522439E+01  0.101792E+00  0.413732E-01
  0.522713E+01  0.143146E+00  0.417811E-01
  0.522986E+01  0.124635E+00  0.412651E-01
  0.523260E+01  0.732015E-01  0.416903E-01
  0.523533E+01  0.690358E-01  0.413246E-01
  0.523806E+01  0.106799E+00  0.415909E-01
  0.524080E+01  0.896292E-01  0.416997E-01
  0.524353E+01  0.137311E+00  0.410516E-01
  0.524627E+01  0.127899E+00  0.416519E-01
  0.524900E+01  0.105977E+00  0.416328E-01
  0.525173E+01  0.816440E-01  0.414704E-01
  0.525447E+01  0.109642E+00  0.415447E-01
  0.525720E+01  0.751174E-01  0.414468E-01
  0.525994E+01  0.671632E-01  0.413611E-01
  0.526267E+01  0.111508E+00  0.414286E-01
  0.526540E+01  0.102126E+00  0.413424E-01
  0.526814E+01  0.724166E-01  0.414428E-01
  0.527087E+01  0.365451E-01  0.412531E-01
  0.527361E+01  0.413535E-01  0.414097E-01
  0.527634E+01  0.161737E+00  0.414803E-01
  0.527907E+01  0.483313E-01  0.414844E-01
  0.528181E+01  0.101582E+00  0.420415E-01
  0.528454E+01  0.763288E-01  0.410028E-01
  0.528728E+01  0.726947E-01  0.489755E-01
  0.529001E+01  0.737577E-01  0.523296E-01
  0.529274E+01 -0.430161E-01  0.572961E-01
  0.529548E+01  0.225371E+00  0.625679E-01
  0.529821E+01  0.531273E-01  0.651420E-01
  0.530095E+01  0.109796E+00  0.688240E-01
  0.530368E+01  0.679666E-01  0.723604E-01
  0.530641E+01  0.197553E+00  0.758587E-01
  0.530915E+01  0.688381E-01  0.800763E-01
  0.531188E+01  0.684734E-01  0.542492E-01
  0.531462E+01  0.429357E-01  0.524195E-01
  0.531735E+01  0.129499E+00  0.487979E-01
  0.532008E+01  0.169468E+00  0.476413E-01
  0.532282E+01  0.113888E+00  0.468657E-01
  0.532555E+01  0.141891E+00  0.464962E-01
  0.532829E+01  0.135161E+00  0.465135E-01
  0.533102E+01  0.970519E-01  0.456958E-01
  0.533376E+01  0.970581E-01  0.460892E-01
  0.533649E+01  0.670890E-01  0.451790E-01
  0.533922E+01  0.883004E-01  0.453818E-01
  0.534196E+01  0.818047E-01  0.449293E-01
  0.534469E+01  0.150600E+00  0.446498E-01
  0.534743E+01  0.127262E+00  0.435896E-01
  0.535016E+01  0.742398E-01  0.428983E-01
  0.535289E+01  0.474104E-01  0.428803E-01
  0.535563E+01  0.115062E+00  0.423463E-01
  0.535836E+01  0.135884E+00  0.420430E-01
  0.536110E+01  0.770025E-01  0.414007E-01
  0.536383E+01  0.606180E-01  0.414935E-01
  0.536656E+01  0.958282E-01  0.410760E-01
  0.536930E+01  0.769098E-01  0.411633E-01
  0.537203E+01  0.650371E-01  0.411896E-01
  0.537477E+01  0.121292E+00  0.411951E-01
  0.537750E+01  0.123517E+00  0.410429E-01
  0.538023E+01  0.128016E+00  0.410464E-01
  0.538297E+01  0.150878E+00  0.415704E-01
  0.538570E+01  0.143702E+00  0.413436E-01
  0.538844E+01  0.771199E-01  0.411347E-01
  0.539117E+01  0.129302E+00  0.408506E-01
  0.539390E+01  0.544129E-01  0.411173E-01
  0.539664E+01  0.980964E-01  0.415353E-01
  0.539937E+01  0.123090E+00  0.411492E-01
  0.540211E+01  0.107200E+00  0.412933E-01
  0.540484E+01  0.186403E+00  0.412128E-01
  0.540757E+01  0.135260E+00  0.413207E-01
  0.541031E+01  0.990235E-01  0.412845E-01
  0.541304E+01  0.153795E+00  0.416483E-01
  0.541578E+01  0.183189E-01  0.410069E-01
  0.541851E+01  0.439679E-01  0.409643E-01
  0.542124E+01  0.123368E+00  0.409726E-01
  0.542398E+01  0.589431E-01  0.408958E-01
  0.542671E+01  0.103387E+00  0.413485E-01
  0.542945E+01  0.163276E+00  0.413308E-01
  0.543218E+01  0.411557E-01  0.411302E-01
  0.543491E+01  0.790111E-01  0.410590E-01
  0.543765E+01  0.144580E+00  0.411829E-01
  0.544038E+01  0.482386E-01  0.408491E-01
  0.544312E+01  0.128986E-01  0.410856E-01
  0.544585E+01  0.139592E+00  0.413416E-01
  0.544858E+01  0.977379E-01  0.414276E-01
  0.545132E+01  0.874351E-01  0.411228E-01
  0.545405E+01  0.131910E+00  0.415358E-01
  0.545679E+01  0.682324E-01  0.409567E-01
  0.545952E+01  0.546415E-01  0.409446E-01
  0.546226E+01  0.129920E+00  0.411793E-01
  0.546499E+01  0.166292E+00  0.413213E-01
  0.546772E+01  0.914215E-01  0.412934E-01
  0.547046E+01  0.113733E+00  0.409044E-01
  0.547319E+01  0.392954E-01  0.402648E-01
  0.547593E+01  0.803585E-01  0.406725E-01
  0.547866E+01  0.979975E-01  0.408683E-01
  0.548139E+01  0.158436E+00  0.410798E-01
  0.548413E+01  0.147707E+00  0.412705E-01
  0.548686E+01  0.130729E+00  0.409345E-01
  0.548960E+01  0.132806E+00  0.410861E-01
  0.549233E+01  0.169567E+00  0.411573E-01
  0.549506E+01  0.120433E+00  0.409524E-01
  0.549780E+01  0.421817E-01  0.408782E-01
  0.550053E+01  0.106514E+00  0.410726E-01
  0.550327E+01  0.759580E-01  0.410403E-01
  0.550600E+01  0.154778E+00  0.412200E-01
  0.550873E+01  0.812423E-01  0.408591E-01
  0.551147E+01  0.132627E+00  0.407412E-01
  0.551420E+01  0.155593E+00  0.410016E-01
  0.551694E+01  0.146669E+00  0.415803E-01
  0.551967E+01  0.121613E+00  0.410806E-01
  0.552240E+01  0.746910E-01  0.409400E-01
  0.552514E+01  0.675896E-01  0.406244E-01
  0.552787E+01  0.131193E+00  0.490716E-01
  0.553061E+01  0.109623E+00  0.530634E-01
  0.553334E+01  0.157695E+00  0.585022E-01
  0.553607E+01  0.115606E+00  0.474262E-01
  0.553881E+01  0.124234E+00  0.456326E-01
  0.554154E+01  0.847033E-01  0.439890E-01
  0.554428E+01  0.202682E+00  0.429899E-01
  0.554701E+01  0.552163E-01  0.424563E-01
  0.554974E+01  0.769221E-01  0.429529E-01
  0.555248E+01  0.923239E-01  0.423814E-01
  0.555521E+01  0.120482E+00  0.423553E-01
  0.555795E+01  0.814400E-01  0.422094E-01
  0.556068E+01  0.118319E+00  0.418195E-01
  0.556341E+01  0.114431E+00  0.426777E-01
  0.556615E+01  0.111150E+00  0.419489E-01
  0.556888E+01  0.201848E+00  0.423213E-01
  0.557162E+01  0.127942E+00  0.420939E-01
  0.557435E+01  0.784734E-01  0.421151E-01
  0.557709E+01  0.149147E+00  0.422442E-01
  0.557982E+01  0.970828E-01  0.418716E-01
  0.558255E+01  0.646044E-01  0.413523E-01
  0.558529E+01  0.870581E-01  0.407705E-01
  0.558802E+01  0.146502E+00  0.407026E-01
  0.559076E+01  0.104895E+00  0.409180E-01
  0.559349E+01  0.157614E+00  0.411903E-01
  0.559622E+01  0.106496E+00  0.408871E-01
  0.559896E+01  0.354017E-01  0.409223E-01
  0.560169E+01  0.116848E+00  0.408538E-01
  0.560443E+01  0.863844E-01  0.406363E-01
  0.560716E+01  0.919036E-01  0.406613E-01
  0.560989E+01  0.122429E+00  0.406203E-01
  0.561263E+01  0.146143E+00  0.413610E-01
  0.561536E+01  0.677132E-01  0.408800E-01
  0.561810E+01  0.141248E+00  0.409315E-01
  0.562083E+01  0.698455E-01  0.407888E-01
  0.562356E+01  0.138455E+00  0.407351E-01
  0.562630E+01  0.891533E-01  0.410119E-01
  0.562903E+01  0.794499E-01  0.402038E-01
  0.563177E+01  0.989617E-01  0.405251E-01
  0.563450E+01  0.107417E+00  0.406557E-01
  0.563723E+01  0.529481E-01  0.404447E-01
  0.563997E+01  0.848640E-01  0.406478E-01
  0.564270E+01  0.124666E+00  0.404903E-01
  0.564544E+01  0.752472E-01  0.406072E-01
  0.564817E+01  0.102095E+00  0.405514E-01
  0.565090E+01  0.111934E+00  0.410287E-01
  0.565364E+01  0.813535E-01  0.403809E-01
  0.565637E+01  0.121422E+00  0.407855E-01
  0.565911E+01  0.477812E-01  0.405632E-01
  0.566184E+01  0.128949E+00  0.408560E-01
  0.566457E+01  0.104629E+00  0.407130E-01
  0.566731E+01  0.639493E-01  0.406688E-01
  0.567004E+01  0.106316E+00  0.405446E-01
  0.567278E+01  0.944994E-01  0.404571E-01
  0.567551E+01  0.843449E-01  0.403995E-01
  0.567824E+01  0.885043E-01  0.403136E-01
  0.568098E+01  0.107330E+00  0.406590E-01
  0.568371E+01  0.786774E-01  0.408502E-01
  0.568645E+01  0.131304E+00  0.407880E-01
  0.568918E+01  0.105105E+00  0.404955E-01
  0.569191E+01  0.130352E+00  0.406975E-01
  0.569465E+01  0.135402E+00  0.404952E-01
  0.569738E+01  0.157367E+00  0.410875E-01
  0.570012E+01  0.125587E+00  0.403045E-01
  0.570285E+01  0.763782E-01  0.402276E-01
  0.570559E+01  0.733004E-01  0.405166E-01
  0.570832E+01  0.923980E-01  0.408163E-01
  0.571105E+01  0.599135E-01  0.409018E-01
  0.571379E+01  0.134555E+00  0.406797E-01
  0.571652E+01 -0.494438E-03  0.403165E-01
  0.571926E+01  0.719283E-01  0.409902E-01
  0.572199E+01  0.380099E-01  0.403568E-01
  0.572472E+01  0.874413E-01  0.409073E-01
  0.572746E+01  0.715513E-01  0.400067E-01
  0.573019E+01  0.113646E+00  0.407630E-01
  0.573293E+01  0.108925E+00  0.408234E-01
  0.573566E+01  0.125618E+00  0.406629E-01
  0.573839E+01  0.717120E-01  0.403557E-01
  0.574113E+01  0.156799E+00  0.404986E-01
  0.574386E+01  0.157305E+00  0.408320E-01
  0.574660E+01  0.127429E+00  0.405698E-01
  0.574933E+01  0.101273E+00  0.405763E-01
  0.575206E+01  0.152132E+00  0.408393E-01
  0.575480E+01  0.205482E+00  0.409890E-01
  0.575753E+01  0.114407E+00  0.409506E-01
  0.576027E+01  0.737886E-01  0.405780E-01
  0.576300E+01  0.151829E+00  0.408151E-01
  0.576573E+01  0.106805E+00  0.406974E-01
  0.576847E+01  0.120711E+00  0.411991E-01
  0.577120E+01  0.684178E-01  0.404495E-01
  0.577394E+01  0.966811E-01  0.404994E-01
  0.577667E+01  0.111520E+00  0.407804E-01
  0.577940E+01  0.101489E+00  0.406661E-01
  0.578214E+01  0.114271E+00  0.405105E-01
  0.578487E+01  0.100562E+00  0.407278E-01
  0.578761E+01  0.974845E-01  0.403270E-01
  0.579034E+01  0.104611E+00  0.406345E-01
  0.579307E+01  0.145532E+00  0.407370E-01
  0.579581E+01  0.911557E-01  0.409686E-01
  0.579854E+01  0.113850E+00  0.404397E-01
  0.580128E+01  0.100000E+00  0.407469E-01
  0.580401E+01  0.103888E+00  0.405118E-01
  0.580674E+01  0.803956E-01  0.407244E-01
  0.580948E+01  0.106112E+00  0.402880E-01
  0.581221E+01  0.164895E+00  0.409385E-01
  0.581495E+01  0.143869E+00  0.402705E-01
  0.581768E+01  0.101693E+00  0.404998E-01
  0.582041E+01  0.213201E+00  0.409881E-01
  0.582315E+01  0.142719E+00  0.403512E-01
  0.582588E+01  0.147132E+00  0.406943E-01
  0.582862E+01  0.122849E+00  0.404273E-01
  0.583135E+01  0.103183E+00  0.406728E-01
  0.583409E+01  0.122553E+00  0.406537E-01
  0.583682E+01  0.568603E-01  0.405083E-01
  0.583955E+01  0.119598E+00  0.402724E-01
  0.584229E+01  0.130161E+00  0.406113E-01
  0.584502E+01  0.105303E+00  0.406423E-01
  0.584776E+01  0.138745E+00  0.406901E-01
  0.585049E+01  0.104283E+00  0.405742E-01
  0.585322E+01  0.887021E-01  0.401617E-01
  0.585596E+01  0.446539E-01  0.406682E-01
  0.585869E+01  0.102311E+00  0.403496E-01
  0.586143E+01  0.148659E+00  0.408872E-01
  0.586416E+01  0.931644E-01  0.407243E-01
  0.586689E+01  0.859703E-01  0.406937E-01
  0.586963E+01  0.104765E+00  0.409080E-01
  0.587236E+01  0.213443E+00  0.405885E-01
  0.587510E+01  0.111075E+00  0.407291E-01
  0.587783E+01  0.859518E-01  0.401459E-01
  0.588056E+01  0.998084E-01  0.404652E-01
  0.588330E+01  0.133900E+00  0.407247E-01
  0.588603E+01  0.861372E-01  0.405167E-01
  0.588877E+01  0.891533E-01  0.404520E-01
  0.589150E+01  0.113807E+00  0.403186E-01
  0.589423E+01  0.101434E+00  0.406612E-01
  0.589697E+01  0.103146E+00  0.405382E-01
  0.589970E+01  0.845550E-01  0.407391E-01
  0.590244E+01  0.128480E+00  0.409318E-01
  0.590517E+01  0.153331E+00  0.406633E-01
  0.590790E+01  0.869530E-01  0.406510E-01
  0.591064E+01  0.815080E-01  0.409029E-01
  0.591337E+01  0.119116E+00  0.408323E-01
  0.591611E+01  0.767367E-01  0.405886E-01
  0.591884E+01  0.131928E+00  0.404960E-01
  0.592157E+01  0.207787E-01  0.402302E-01
  0.592431E+01  0.154790E+00  0.411049E-01
  0.592704E+01  0.143628E+00  0.408377E-01
  0.592978E+01  0.732386E-01  0.403950E-01
  0.593251E+01  0.146638E+00  0.403312E-01
  0.593524E+01  0.108066E+00  0.404605E-01
  0.593798E+01  0.152726E+00  0.403621E-01
  0.594071E+01  0.119561E+00  0.405124E-01
  0.594345E+01  0.949073E-01  0.405749E-01
  0.594618E+01  0.182942E+00  0.409128E-01
  0.594892E+01  0.118894E+00  0.405855E-01
  0.595165E+01  0.136761E+00  0.407214E-01
  0.595438E+01  0.110309E+00  0.405505E-01
  0.595712E+01  0.107577E+00  0.405057E-01
  0.595985E+01  0.109722E+00  0.407136E-01
  0.596259E+01  0.142905E+00  0.406125E-01
  0.596532E+01  0.219098E-01  0.404088E-01
  0.596805E+01  0.969716E-01  0.406140E-01
  0.597079E+01  0.184710E+00  0.496990E-01
  0.597352E+01  0.135575E+00  0.528816E-01
  0.597626E+01  0.122930E+00  0.590381E-01
  0.597899E+01  0.105859E+00  0.635712E-01
  0.598172E+01  0.142676E+00  0.667407E-01
  0.598446E+01  0.136298E+00  0.733588E-01
  0.598719E+01  0.136038E+00  0.760665E-01
  0.598993E+01  0.182299E+00  0.804094E-01
  0.599266E+01  0.144710E+00  0.854288E-01
  0.599539E+01  0.781644E-01  0.901898E-01
  0.599813E+01  0.107274E+00  0.984992E-01
  0.600086E+01 -0.248146E-01  0.104873E+00
  0.600360E+01  0.228517E+00  0.120034E+00
  0.600633E+01  0.131867E+00  0.130983E+00
  0.600906E+01  0.332256E+00  0.162000E+00
  0.601180E+01  0.964153E-03  0.191572E+00
  0.601453E+01 -0.583764E+00  0.279738E+00